Eigvals	12
1.0464613618809393	0.7752825012934389	0.5125009779110654	0.2578646125583548	0.18644275853029552	0.15836063041809612	0.1521026879043744	0.11998801523972298	0.08851632004541507	0.07771486174542569	0.06293774116931392	0.0

Proportion explained	12
0.30436558125244295	0.22549261514719232	0.14906203297747203	0.07500048787724785	0.05422728505559348	0.04605953652992207	0.04423940023056581	0.034898777281296645	0.025745165738871555	0.022603537912363865	0.018305579997031477	0.0

Species	0	0

Site	12	12
T1001	-0.17443822317535387	0.17834763320136202	0.33071411535284545	0.3713205467620943	-0.03862091716631114	0.034944688933927465	-0.09935461618062381	0.020737024475377293	-0.013048089335490806	-0.026848547076350954	-0.013889241948283948	-0.0
T1002	-0.10887140382839701	0.23703669399134827	0.3188909747661976	-0.11535591657220651	0.041693682645255734	-0.02128891332542387	0.1602480363264585	-0.02096214837457195	0.08828615534216143	0.1201456925703029	0.08847148757497286	-0.0
T1003	-0.02276784615338488	0.25324040109604523	0.20821059488285507	-0.22860106898196914	-0.06001423318841248	-0.0795860596564358	0.039388461601332234	0.003583473947559746	-0.11544308180007405	-0.12402678772843069	-0.0897852902103314	-0.0
T2001	-0.44053691271584605	-0.29900799906303616	-0.1984936989705057	0.10907046908176135	-0.07225244585533135	-0.16860499043057317	0.16532039170069648	-0.009842307709683808	0.06434010920658247	-0.06684774999946139	-0.006171187075672498	-0.0
T2002	-0.43509307895291166	-0.18853334052502838	-0.10563360576531927	-0.05021591832083492	0.007535040804454266	0.03686452440232128	-0.05773721113404666	0.04192822244691561	-0.1718573195616824	0.14700253627734905	-0.008622645046559251	-0.0
T2003	-0.38764451322387444	-0.10081248567759238	-0.020242671822088727	-0.16047608185144052	0.10464017774403114	0.1732842638001319	-0.14932419614483375	-0.027143546538815334	0.11827785256201948	-0.08717140512640839	0.012260513610584172	-0.0
T1091	0.37635237742557587	-0.29843375982240544	0.05851750423773321	-0.02408962546758426	-0.10924434522633025	0.1263121236810912	0.06864039584260413	0.23151457798364578	0.03333979321341777	-0.004643994088275327	-0.0118484919671832	-0.0
T1092	0.36683462695253244	-0.362952378322031	0.09395293415316505	0.016807721068120625	-0.07572092092568347	0.08138435045117065	0.02652898354167302	-0.24678117966002533	-0.029350457137231136	0.013264700298983283	-0.01391576743961154	-0.0
T1093	0.33635962061149727	-0.22415385471542712	0.0675972358150524	-0.012096687625525642	0.20847938213798464	-0.22913104675438498	-0.1424667835547715	0.03966353779629868	0.000875781198628962	-0.0013353833889334801	0.03806920181847758	-0.0
T2091	0.17751627113755697	0.2519867432535615	-0.2758070924386067	0.0857024940622301	0.12741745389022308	0.09796671270371492	0.10429236459636414	-0.00356075741598081	-0.09864352980493393	-0.07985863088866818	0.116716805995322	-0.0
T2092	0.1701707943814823	0.26174684708008905	-0.2309148604371046	0.05811552309308378	0.12932292746945773	0.021371905658458822	0.03912144325440271	-0.013187494255697013	0.07310154282350309	0.07562020642026372	-0.16743523077413455	-0.0
T2093	0.1421182875411249	0.29153549950311547	-0.2467914297742229	-0.0501814552477265	-0.26323580232933813	-0.0735175594639987	-0.15465726984925562	-0.01594940269502309	0.05012124329310089	0.034699362729629576	0.05614984546241995	-0.0

Biplot	0	0

Site constraints	0	0
