Eigvals	12
0.8347066688670385	0.6365950022419562	0.5230968930494581	0.32610574249311364	0.28695309710817374	0.25807152797019756	0.2370159679852696	0.2181221904140767	0.21242703934705767	0.20230241871643617	0.19311212717760232	0.0

Proportion explained	12
0.21247418240417715	0.16204495263891405	0.13315406335462412	0.08301006041748613	0.07304377330441297	0.06569198372608062	0.060332301025890885	0.055522899002765254	0.05407320102889426	0.05149598370108298	0.049156599395671616	0.0

Species	0	0

Site	12	12
T1001	-0.027208824137018445	-0.21885314705653464	0.39376791685430673	0.406044873912146	-0.05184198957130107	0.0686001070369982	-0.011338725274744468	-0.009567804999656303	-0.00563948733416689	-0.004251309831417465	-0.04338061864811922	0.0
T1002	-0.02711131003578593	-0.23701072899928635	0.29225313786752566	-0.2231511236465929	0.08149409434154807	-0.10449402263012113	-0.01065129602205346	-0.003255059291546608	0.016531841574126235	0.06655465162608352	0.2856054963928211	0.0
T1003	0.03585995332784584	-0.1930489057458426	0.1993782258510614	-0.2843168259049458	0.04082074859495055	-0.028633756868448153	0.018156335415291297	0.007259024620720108	-0.01708968830520631	-0.06673774354468463	-0.3103305581279122	0.0
T2001	-0.44989843396243234	0.19152745396607096	-0.07870738012536345	0.088445580178728	-0.0048192153290052536	-0.3419056640000718	-0.06368504299603212	0.07026846539579061	0.1275293872162661	-0.012908053605565566	-0.0451018860690537	0.0
T2002	-0.41901393667993375	0.1365300198775189	-0.06773064343490004	-0.025824567915556044	-0.007821973788793582	0.0743000863519138	-0.006521816173095961	-0.16562708063149792	-0.331287666949856	0.00043560283311910153	0.019769105309373418	0.0
T2003	-0.3855012490806292	0.08549697739446531	-0.05559058183497606	-0.0756765191220526	0.0009714055718280136	0.3313114703417718	0.06768139454259976	0.08825959097076279	0.21630040523885363	0.003186137074240231	0.024071596690783768	0.0
T1091	0.3022150335759957	0.31294011009272155	0.03195428936924547	0.0008989707258822836	0.15340429965843508	0.08407876258991094	-0.34783140841144067	0.07405759189965644	-0.02082977273802873	0.02953505125990612	-0.0043196800895669366	0.0
T1092	0.2997722935666824	0.38389389512414773	0.06727703449152134	0.05555867879618035	0.19245007240590614	-0.04331296687888718	0.3142885816729036	-0.0361529132192041	0.0024876434255177576	0.0019631517325140015	0.006973474389132707	0.0
T1093	0.2577362890929892	0.2011409343483642	0.03333693401276866	-0.08201489586450827	-0.46082820053720974	-0.0163314423423235	0.010802672630194469	-0.018914262943210473	0.015834815014102933	-0.007282853446226795	0.03435239998582755	0.0
T2091	0.1383138338394032	-0.224286225975849	-0.2875789792399587	0.042504495547881535	0.016875244643688763	-0.01163250019518464	-0.010219256884886823	-0.1845793244783706	0.0838114552259898	0.2985767242474116	-0.06089140907147469	0.0
T2092	0.11705496476128333	-0.23479540756509204	-0.2698863675710416	0.050705533580912475	-0.01103733736022724	-0.009179129986975072	0.07885008190658764	0.3347902229393156	-0.1610260259980517	0.01187362381014522	0.02374439194214451	0.0
T2093	0.1577813857316002	-0.20353497546068347	-0.2584735862401892	0.04682579971192582	0.05033285137017968	-0.002800943418582773	-0.03953152040532269	-0.15653845026275967	0.07337709363045354	-0.3209449821555258	0.06950768729604398	0.0

Biplot	0	0

Site constraints	0	0
