Eigvals	12
0.5292414966435415	0.3804264326177388	0.28525143576251705	0.14622746105948142	0.1323740263162285	0.11339018404928398	0.10708869070526765	0.09358383468838302	0.07892882739002427	0.06908553747075698	0.0664899888640217	0.0

Proportion explained	12
0.2643447835274472	0.1900148488284311	0.14247697793116026	0.07303748248140805	0.06611798876910127	0.056635966466616186	0.05348850561086702	0.04674311950075789	0.039423257478511685	0.03450674515019147	0.033210324255507684	0.0

Species	0	0

Site	12	12
T1001	-0.1348746808729456	-0.28510386231169654	0.2084304735304085	0.22492946531700508	0.04046905251159782	0.004688668097793982	-0.11907020684717584	-0.024303255006289843	-0.01045055619611113	0.03283719936336202	0.011756795972229051	-0.0
T1002	-0.0980236974585356	-0.2274395744925829	0.1073229249599384	-0.08879047026070155	-0.04566978421783182	-0.012841546602551863	0.09454658931184093	-0.008253144228076685	0.07200030466845796	-0.16689151437510896	-0.08071629487633186	-0.0
T1003	-0.12845243627596226	-0.19404029967075123	0.10282325615101859	-0.20722493787509672	0.004028914217220014	-0.009200607656647944	0.07376618047331658	0.06816819398415011	-0.06985556138132487	0.12974417618332598	0.0570568892366478	-0.0
T2001	0.3606675641867867	0.10999853689958922	0.11169536462732187	0.15727762249189106	-0.05421303408302911	-0.01564010005542253	0.19152199783558974	0.060612036884288435	-0.03124323521922975	0.01238456182558897	0.0190249816786398	-0.0
T2002	0.3352978661650802	0.08508200559842317	0.07576575140076713	-0.09043079740247768	0.08734134299579538	-0.03743561421597486	-0.16339634601833053	0.14162446406162366	0.07032927450783893	-0.013737289083822941	-0.025965551696493977	-0.0
T2003	0.30251100030207106	0.03000149937788734	0.055887452044228736	-0.09503415123916405	-0.019474612327902097	0.07200925897459524	-0.049144020704102225	-0.22989978353466115	-0.05010057872984035	0.008000726599753451	-0.001219392144976441	-0.0
T1091	-0.2366225301529081	0.23829176351154127	0.04039443837565453	0.008220500081612323	-0.06185208638272214	0.2569778338939446	-0.02003861946857588	0.058866785669136536	0.009212219902097264	-0.005836105355944799	-0.010908669305157602	-0.0
T1092	-0.2403213530822786	0.27935268600328234	0.07147352975749968	-0.004364149303587908	-0.16064640238725683	-0.19512684105643469	-0.059639163203665635	-0.02834361274001854	-0.02847032875907439	0.0016471350704172505	-0.010057276156182786	-0.0
T1093	-0.18962981431174789	0.19089595322660827	-0.01822435903060925	0.010896909809507327	0.28030433324084447	-0.04459698994660839	0.07560827454331454	-0.059291917500962306	0.026882689494349164	-0.024595247489871484	0.04540394402921391	-0.0
T2091	0.004653879123761761	-0.07056724158324225	-0.27686780059163346	0.03141371086556512	0.040286208499383136	-0.005891564230671161	-0.0290446837926702	0.05087318205381025	-0.1886181073493314	-0.04866321266429067	-0.07944920914996677	-0.0
T2092	0.03349107442038717	-0.10103439999674037	-0.24535923246584818	0.015140897981515786	-0.08484838289402495	-0.000647793911855469	-0.030764610841249353	0.005819271218973389	0.061005718311287226	-0.0548689497666683	0.18608256058782988	-0.0
T2093	-0.008696872043707506	-0.05543706656231904	-0.23334179875874586	0.0379653995339316	-0.025725549172073536	-0.012294703290166506	0.035654608711707864	-0.03587222086197468	0.1393081607508812	0.12997851969326024	-0.11100877817545052	-0.0

Biplot	0	0

Site constraints	0	0
