Eigvals	12
0.1839234144036652	0.10198916935543571	0.046725798322462216	0.02490048710874883	0.01574213364746185	0.01291680427744275	0.010693718891120677	0.007197911465531395	0.005667027482452403	0.0017152549356800294	0.000717378853862559	0.0

Proportion explained	12
0.4462112534372388	0.2474329613913741	0.11336010211055547	0.06041034851390408	0.03819153319540867	0.03133708367544508	0.02594372079152391	0.017462643935676262	0.013748610770451069	0.004161330178083863	0.0017404120003385673	0.0

Species	0	0

Site	12	12
T1001	-0.08368685531715979	0.07056659699731913	-0.08796806766484579	0.0016006925395519445	-0.016046714407897875	0.029362815370909377	0.00614556837333585	0.061169411484236255	-0.017659877863144914	-0.0016290425369913373	0.0008468402684877023	-0.0
T1002	-0.06912131483338231	0.049108186775137924	-0.08396069732376561	0.05622708791679227	-0.012007171732274589	0.005925073228491575	-0.009849066444762881	-0.032024659453788976	0.015716941003815446	-0.009312874035976776	-0.015424114037181375	-0.0
T1003	-0.06690234535770062	0.10094375256964629	-0.057023454449446835	-0.019901081300476006	-0.01149602768867183	0.013171480763501121	0.015214700559584718	-0.04118436571171926	0.0011111196154094524	0.00696978479798012	0.016924146514509478	-0.0
T2001	-0.14549371981300127	-0.20683771507890356	0.0467377831044777	0.023257162830476196	-0.019326923054314018	0.032256680492850125	0.04237514643100616	-0.007850320886236143	-0.011062563757143167	0.004136064489565286	-0.0009649569018895741	-0.0
T2002	-0.1402180646366763	-0.08507057796036355	0.003711987317751266	-0.05720434421392216	0.008646249314843353	-0.022029243120500402	-0.029061594920279203	0.014627484495299539	0.04540552179083426	-0.010832697884508798	0.004137343971630359	-0.0
T2003	-0.08988070738340698	-0.043535852021713985	-0.01571684548441283	-0.0005621863145325966	0.023456315986681176	-0.05483354832309628	-0.04518350383794797	-0.005753261085669363	-0.03733648035478826	0.015221233532987282	-0.0018093744193517212	-0.0
T1091	0.22731209953040307	-0.045966129480166276	-0.025067079068777285	0.007626055447784719	-0.07065250599134805	-0.04497355776391371	0.015793596984724323	0.009346625537976626	0.014515586765412541	0.009522050743507026	0.00017315018810985227	-0.0
T1092	0.2190879477440016	-0.07581629192863051	-0.008882822247702062	-0.0413265652159155	0.0023606626558082223	0.050869378629427704	-0.04077926641486936	-0.012607758233306163	-0.019192765010467197	-0.012083269546038776	0.0006835103709047404	-0.0
T1093	0.13210778108264581	-0.019088221663358336	-0.03904348661761731	0.003045019721505792	0.09483612514133992	-0.007828710296630827	0.042742125181516835	0.005376560585846996	0.010824672353468115	0.004287836815358025	-0.0014393388611063274	-0.0
T2091	0.02683914042849457	0.07540897524513901	0.10033923389742425	0.05790483571477453	0.008475961525373065	0.03714502729731691	-0.03347072173553175	0.01068434471994925	0.022319247222117363	0.01785660353655934	0.0008755763842951997	-0.0
T2092	0.015769960686127307	0.056008351907610034	0.08042563757283022	0.06189467243304853	0.0033849940544371277	-0.03533027724139273	0.009805915125159567	0.003280730836558941	-0.016248723746353746	-0.025220199469615612	0.006933440604776544	-0.0
T2093	-0.02581392213034506	0.1242789246382843	0.08644781096408413	-0.09256134955908768	-0.011630965803976274	-0.0037351190369625392	0.0262671006980635	-0.005064792289147864	-0.00839267801915983	0.0010845095571741055	-0.010936224083183647	-0.0

Biplot	0	0

Site constraints	0	0
