pc vector number	1	2	3	4	5	6	7	8	9	10	11	12	13	14	15	16	17	18	19	20	21	22	23	24	25	26	27	28	29	30	31	32	33	34	35	36	37	38	39	40	41	42	43	44	45	46	47	48	49	50
D1	-0.2540724426155624	0.07972160170812362	0.1978059673029844	0.07089995048335086	0.10909000103489916	-0.05033752426238485	-0.07649708022874979	-0.03388463706079339	-0.015673216066783638	0.02511213104033816	-0.0173481307378365	-0.12283391996824167	0.2637446261982049	0.012382956571698038	-0.08236811607766847	0.04478567221564978	0.2186867771743037	0.012469661836589332	0.008120626085842114	-0.019706458892229904	0.060075946111292716	-0.06564265873230779	-0.010881058740794317	-0.0029130620095446876	-0.009328526894939976	0.013474339316877493	-0.020285116788825948	-0.00766286404283896	0.011167868320477267	-0.006107624647165847	-0.009428230129199643	0.0047843799982583155	0.004737361712501053	-0.013760919495239743	0.013259327762573768	-0.005738602805618734	0.0031025521060869844	-0.00409793134025293	0.0016244012297347127	-0.0025479602817022762	0.004729583058061263	-0.0024625147739438967	-0.004678874143873188	-0.0018572286909534193	-0.004175292927126213	0.0017511505594439772	0.0009423507949312798	0.003148672191091927	7.63746335694833e-05	-0.0
D2	-0.4094711950747731	0.09082201772557698	0.08641488124977675	-0.026490735113947096	-0.05214772122490421	0.10278822766841657	0.16173102268316017	0.2845672291416714	0.0806775928415246	0.11933174401463954	-0.013737321992006146	0.0740176078964428	0.06411617403357246	-0.16177770264468128	-0.08515523277576655	0.08832682588511218	-0.050274820032041555	-0.013800591421393874	0.02143510129733264	0.008578235250198653	-0.03484820557216808	0.010880639938137366	-0.005154586234894908	0.019982219202317998	-0.012036730164614828	0.009210003713767418	-0.012743522475947395	-0.0068799884752658875	-0.007328041660206682	0.0037729179213048577	0.0009948180823731825	0.00410379703644102	-0.0004497934725152928	-0.0017081724344207305	-0.006670101594027901	-0.0031037881066594123	0.0018279200126393679	0.006500983679739219	0.007332915438079216	-0.00852097043910002	0.001681131399936078	0.002008614157818517	-0.0037689656589015596	0.005167583177665496	-0.006634113015284491	-0.0010994344160578404	0.005196292298396843	-0.0002655846430881471	-0.003915166631273976	-0.0
D3	-0.28550539746715486	0.0745633938761768	0.06707412059943015	-0.10488531471139606	0.21167349285523362	-0.06548715552042982	0.23881070262401394	-0.12833788658557974	0.16214737787511194	0.09740608308996687	0.00014106067807480568	-0.08552422842795653	-0.15111025594307712	0.06650176322922292	-0.0551828674527552	-0.0752807280486397	0.013525229228711069	-0.05027512503672709	-0.07333336456233311	-0.02882387635279889	0.0030506636660155083	-0.0306976191751009	0.0028263751408483364	0.01656602367040658	-0.011987510637611958	0.009392210320297986	0.002740990290517003	0.0025096304512612602	0.0027240406518039134	-0.014217133209406142	-0.009233236569619586	0.008406500594913076	0.004861392098967159	0.011787716169547116	0.0073880058236345456	-0.002004461062435129	-0.013850791104734307	-0.004666056828636539	-0.0018377151286439887	0.004067656705720478	-0.00155400794361589	0.0016259609722352568	-0.007910562238694185	-0.0010373958293928248	0.0034101625121569713	-0.003793766495679638	-0.002571670594931956	0.010246086067736686	-0.0031822400367301235	-0.0
D4	-0.30000123001656115	0.11367226642593191	0.1205613408397798	0.0681300482201882	-0.010635307395557547	0.031458212145830645	-0.10800915436803957	-0.08281050032687157	0.014305720404873665	0.07618466071821087	-0.20156624018168376	-0.11041482344871337	0.06881538720335563	-0.08224753700436459	0.10374756741648195	-0.1321177576472233	-0.2039734427509603	0.03637859335472604	0.0040699672090668505	-0.07355840196274568	0.030961322205222432	0.07637558622695559	-0.027885915887752154	-0.020898845927836154	-0.003143717428261132	0.023214641705597883	0.007329524604694633	0.003966284139633422	0.010846316440888596	-0.004857182255173268	0.007387814578636666	-0.004374122919271771	0.012175974039283935	-0.006704460865232465	-0.0036695674953491414	0.007760785602171341	0.0030830469231343206	-0.0008118862072203775	0.01092007364521492	-0.00031355331951253394	0.0038003413559468623	-0.0035159958558687743	0.0013370738518468624	-0.0033458245075158365	0.005261628161629323	-0.001318718901459794	-0.0026784622948785	0.0036011669745063075	0.0014969814883943316	-0.0
D5	-0.3977548725908982	0.12605542315202944	0.03406356297323681	-0.08270855985754796	-0.053252703716140146	-0.24990141897058493	-0.022895892530460666	-0.039657542517501046	-0.050260161499502715	0.11726274563426127	-0.012836323329197279	0.1203490259152754	-0.06421966469562607	0.04310493398215178	0.2113455651050711	0.18198630628908405	0.03663678563954481	0.06858427617620379	0.030765953279906	0.00368819575084737	0.03307492031021519	0.01569722603277699	0.0010630494159864009	0.0026383328423023834	-0.005610016617830718	-0.013182363110393681	-0.008949536393457132	-0.003827494453187653	-0.008466196871755169	0.0016097272226773091	-0.002089475419742839	-0.0030990151476629453	0.0020130394954511474	-0.0004675690004845336	0.002876234627849194	-0.00588306965573479	0.0008074740647425138	-0.005590304715579552	-0.0026215418030368707	-0.0020667808863580215	-0.0007197888490260334	-0.00032319662553240456	0.0011131671288693388	-0.0013143682384906858	0.0010815355822984746	-0.0006257925101956536	-0.0006150523245619612	-0.00041456991119277325	-0.0002866907008150461	-0.0
DF1	-0.3087127399580042	0.08832148315912755	0.06768008744466568	0.037878278860000676	-0.05358145750021114	0.029995429051359494	-0.0014403039059987415	0.22049769420227971	-0.034019119281535885	-0.10848501176060449	-0.004542879835702246	-0.17207749173875647	-0.09426341069979141	0.10798977875990602	0.16030340025043063	-0.12546828204822424	0.09250228293863243	-0.0015004853891627068	-0.023284957406582565	0.0816652754960869	-0.0662935386009631	-0.031338169981898714	0.01896096446786041	-0.03363862927005037	0.02105569292564642	-0.04032945880681919	-0.00811858273310066	-0.008111880634360174	-0.026495645321396442	0.018709735006506713	0.027681966352796756	-0.0044146050923057085	0.006194444436039362	-0.021352774741903214	-0.0055858718739322175	-0.0012657872941904443	0.00721772658741582	0.0012610920851651613	-0.007723868740611584	-0.000697361914228154	-0.0030769538530532174	0.004663393191824731	0.004024421993478995	0.006133753928261056	-0.007115476911524294	0.00577915074292161	0.005803390049510827	-0.0070740754755022825	-0.0005787770108587947	-0.0
DF2	-0.363242261046922	0.11557918482682282	0.048608668236277935	-0.07772996905767966	-0.10317255297498705	0.2901436426527964	0.05592063909581664	-0.18077924854750266	-0.2606977922926059	0.04552323656978399	0.04331683966104962	-0.010173895268997837	-0.05470045723389337	0.03318585228264897	-0.056951294388407	0.032002988446381844	0.021211289864393454	0.0019901468646018683	0.017856269904805246	0.07471216598837419	0.006241310532607483	0.027031374797491337	0.006158030981498146	-0.0030728974675416215	-0.009728625764416974	0.01667154164983636	-0.006638744729914605	-0.015172739668463067	-0.002942823008711912	-0.007702161731294377	-0.0015183134823018641	0.00034355167650438836	-0.004068392456276422	0.006631335558442253	-0.0010503053484453445	-0.007757629388740751	-0.003076615275124811	0.004214881041639022	-0.00415108888111253	-0.0038083906105402213	0.0009667892542527466	0.0030279172007277415	-0.002538227206019208	0.0008765924464911771	0.0013228099236263205	0.003141070322097041	0.0018266717815951861	0.001947508851488818	-0.003812347069813271	-0.0
DF3	-0.33648969857380856	0.08500839582398612	0.12178741845156688	0.022368685712468302	-0.11649152452997455	0.09473942153324212	-0.16290996667594737	-0.08455895843803765	0.2459565534473026	-0.11170255162928572	0.24796189352328976	0.0173738340548237	-0.061730308485353956	-0.05359969890160282	-0.0012993525006719292	0.01813468321034334	-0.006717019241331267	0.04907951249115035	0.013252219954963292	-0.058645893489872626	0.020975635923193597	-0.020119389727707018	-0.008016965461807829	-0.02158965921922928	0.007904383690370267	-0.0014700527731920316	0.01621729208148129	0.013376465132743601	-0.0024889318086364046	0.008153264562497464	-0.0032464685935051788	0.00857451283230856	-0.006494899917326336	0.009748465844755475	0.0032515584386305016	0.005109912129490378	0.007170130467534524	0.005308467203214625	0.0007368126007308035	0.007947006676178864	0.00016286223776012222	-0.00014608812274683865	0.004883136492930681	-0.006719036093296952	0.0033169955143821477	0.002548623141546094	0.00015013403933239597	0.0019263808794963459	0.0008065815576868828	-0.0
DF4	-0.4163503636798783	0.09355411861767367	0.0500602538235108	-0.06152320940187116	-0.021562085895749858	-0.18341559125605109	-0.07155833337194628	0.01626647774015541	-0.12092331782738582	-0.1387800038663895	-0.02748108342782161	0.21366210851145317	-0.003508436789727169	-0.00838621169022021	-0.15453661520554518	-0.170860982592384	-0.0012091368340056072	-0.08597595692187594	-0.04306429583983042	-0.038960537602937245	-0.029500263694434717	0.008772209525034236	0.023678603385440068	0.0004735898520320447	0.026785029891990473	-0.00024132219710851555	-0.00144657224238764	0.021688399339665574	0.005646079344768422	-8.808929072879231e-05	-0.0019073009282638085	-0.005787872848678898	-0.002304638597882564	0.001393750447578568	0.00286040940982927	-0.0031226973468892584	-0.0029695883120321427	0.0021088792707463873	-0.001727321013459513	-0.0031867727046952896	-0.005860709212055186	-0.0004724285739752031	-0.0002675026938941455	-0.0021277729312287543	-0.0020031900675535085	0.0011031900214375366	-0.0020399028566805825	-0.00043605023802513693	-0.0008477726804318844	-0.0
DF5	-0.04934613998677746	0.055393291208875775	0.15358100073801842	0.009938590576903123	0.15424343256099332	0.07043741437984224	0.006268777265266224	0.00954851415452126	0.04983679892514787	-0.23490732719154053	-0.10335178288186718	0.04880969326240461	0.04417238377245336	0.17684278392310504	-0.008393498970890678	0.18095800519757813	-0.145299372450572	-0.03132769322061548	-0.003895860744529856	0.065719332247737	-0.001959789777814283	0.0008101451992462254	-0.023618354569660483	0.0252498788695081	0.001401410767719255	0.018109839594983232	-0.0134519917806465	0.007688585267330893	0.01659636393269832	-0.01127866577785666	0.028566991263160414	-0.009052204743836827	0.021133093447951293	0.01672539193765722	-0.010187483169647803	0.01079469170679168	0.0017967960642902225	0.007756086031300331	-0.018074464107136944	0.0018144855725796697	0.00019465658293231573	-0.005105153095146903	0.0033341396399030163	0.003952482616477935	0.001310952356631164	0.00272307009141319	-0.0007258459574933473	0.007839723668033016	-0.0023881479545061575	-0.0
Y.K1	0.05795771021658458	-0.3407567562084814	0.06543539892018253	-0.02089952143700327	-0.03610410772620131	-0.04360524122877198	0.024020101152462524	0.004097523350877563	-0.02301441903226712	0.02142349419648828	0.028239569071659126	-0.03236475267179636	0.0021785387930341174	0.02098751742901915	-0.023098065988772103	-0.0014310833393686492	-0.015365519190759869	0.0468793489280311	0.009751299929589018	-0.034841571131676054	-0.02385761788764651	0.005116716375036029	0.03422984342397113	-0.01492543032483043	-0.020844700748480854	0.042619271569173396	0.011324324409357751	-0.0018925877211477381	0.013548637426282118	-0.0033834322039770592	0.027565394596143232	-0.006568631838825886	0.03187565376880817	0.002234595784320163	-0.05041397597062774	-0.05291788518905519	-0.02631621940114601	0.09821087653031021	-0.015119185131364137	0.015024589809073131	-0.034055308919593956	-0.08585113474952583	0.09983942932291147	-0.025978922832689395	-0.08087725502469273	0.0469604000247512	-0.026417851284131367	0.029954626527823304	-0.014815571837169849	-0.0
Y.K2	0.02277162389261348	-0.3383316158940317	0.07855588941170033	-0.009481561863048688	0.01881602783500474	-0.014509533177257282	0.030390988357374263	0.0028336020366964763	-0.03976061392175776	-0.03429213313856028	0.01249864320595113	-0.006442852174349002	0.006798071109110991	-0.00983921686191701	0.007856266661882251	0.008408365176727392	-0.060906351323509446	0.016308101075151515	0.024174004596756348	0.01667150953651525	0.0073062825623111255	-0.05110830015578572	-0.03642687741594075	-0.04649180368184447	0.03762343851444303	-0.07462762992458796	-0.003959456436864466	0.024952762834625376	-0.06993054759884645	-0.04759383321267752	-0.11317571249232508	0.041866444254665236	0.028003700370476354	-0.021332867073779776	0.03976079753595737	-0.09054835426774233	-0.016758479570936714	0.039186851465390644	0.11051867039867369	0.05157149444871658	-0.0027107090682055713	0.021554904654051115	-0.055161800738129	-0.028676080049017026	0.024814962973700835	0.028931962541689546	-0.009323751254483077	-0.02431963471162165	0.0005709852643765585	-0.0
Y.K3	-0.03645130328243926	-0.32548393875138687	0.06455854418005019	0.025651562762534205	-0.011147910220433084	-0.08827734683107936	0.01244247543214194	-0.00712828511694736	-0.026405072956430808	0.05523559761066874	0.09540814367853542	-0.05848975713726385	0.028414201218981514	0.06024492786637659	-0.06258115767749876	-0.014796983842247133	-0.11651488808530215	-0.017530940577912227	0.14809047332129663	0.024002194768021762	-0.017120145364061954	-0.018212636849200953	0.12022739946209907	-0.027287430286486128	-0.04948784895008921	-0.12318471482685252	-0.050768544654016576	-0.022614980618394016	0.08298407566376848	-0.019769252353157584	0.061908341089670534	0.020618891517151315	-0.043639407154953874	-0.01138107275776751	0.006985056234210743	0.038395933320840625	0.04411145481268859	-0.05369691558732194	-0.002153839530510993	-0.015144344490757461	0.017836320979456713	0.0011753244656480253	-0.0041678461982772195	-0.0038421974693617217	0.010987973771505798	-0.016909236072227267	0.006399207311176647	-0.0027462430362494945	-0.0027685235944162603	-0.0
Y.K4	0.0553558553641842	-0.3151305659046622	0.08272533406181608	-0.02077511752639564	0.028612094091634774	-0.001878214267250297	0.03505984976608484	-0.008862618905599433	-0.04362491198755249	-0.04080465470093558	-0.001159910651380639	0.0021563474069046656	-0.030638472011390593	-0.07185726009793687	-0.010460947309465743	0.021255306238894503	-0.018801729038908276	0.0712412931411889	-0.06838406011890312	0.004431993945686599	0.02464086760788483	-0.04244816895780033	-0.016671130489645518	-0.052737185229945964	0.02153992894222729	0.011209923609972937	0.010510146378463545	-0.00028609443588647527	-0.04383435523483175	0.05536651820090859	-0.08868896120997348	-0.05529943308348057	0.05060756930074943	-0.06207450496034683	-0.015021064408589899	0.05377566049163037	0.07843919062402571	-0.11021143233620094	-0.01662055373514304	-0.05287148528654647	-0.05477606040477806	0.015998755154966224	0.04023455874911969	0.02917859372363623	-0.016684702762125962	-0.005465919938679669	-0.01415070578024087	0.034931474522491075	0.01877376385715183	-0.0
Y.K5	0.04320194649605008	-0.3052442377132609	0.08208806282549162	-0.039878527100034575	-0.0021974497231117074	0.016597190040528228	0.028640020807223946	-0.006560255071859607	-0.0073544187714480215	-0.049541466759520515	-0.02803761446256404	0.0012662100446478937	-0.022367189072542093	-0.0192760998964291	0.01322459387966937	0.015189722216033019	0.054927965107227604	0.04754206710714186	-0.03891294278966568	-0.043695104562596405	-0.02364201143328672	0.04242628989562078	-0.016624642498754064	0.054883521384078496	0.04326935771141949	0.05122475861955751	0.058682861356148266	-0.026615326114034304	0.002259468405732596	0.028050126508200338	0.06617837435884324	-0.020271381544075883	-0.06027858396356411	0.012291292408464955	0.007599759820734876	0.010489040623485834	-0.010562553328027292	-0.05066135378584056	0.09406034174162266	-0.04489125142476751	0.03355320704064432	-0.11490766848629848	-0.02362639950861967	-0.0013815256644299592	0.024523548440569667	-0.025498060865865847	0.020696081899683562	-0.06890847126914434	-0.004040494020061065	-0.0
Y.M1	-0.011529413587519438	0.10551322531098113	-0.15300950729701293	0.1113208887304115	-0.1717086852978652	-0.12547076787067354	0.1536827818920038	-0.12499798227595421	0.011638706004538195	-0.08587364157042765	0.017683690700290085	-0.0915269391055867	0.1136473433311162	-0.0444412344127602	-0.02127620271951794	0.06606507437938548	-0.01745774022193747	-0.023939071651690763	-0.07031968621958562	0.008883368289080316	-0.16106546322458712	0.06142105579480223	-0.04567533567868583	-0.028827066919543256	-0.04023166099555882	-0.05654590793885387	0.06458018320882068	0.02479921764747347	-0.052679060888405516	0.02359065616557654	0.03526882828435525	-0.014136480185770574	0.01267816483089903	0.018057091278222387	0.02991433345679387	-0.014973501418830585	0.012432824749631968	-0.010186929365284772	-0.017218527504004072	0.00608521017915193	0.009135939863309364	0.014357241472560782	-0.004780238786380892	0.0026868647196566955	-0.012824564761793384	0.00013796454773804074	-0.0065938056434163925	-0.004666351918196892	0.0037234893431003415	-0.0
Y.M2	0.22086687280797926	0.10407714862362456	0.022761351815309618	-0.18195755988769508	-0.1012469123714499	0.0011808371922565689	-0.0029865189443326456	0.001271298230975215	0.05445488658057357	0.05673192972947714	0.006420633733410879	0.024560420733892946	0.06931074841157833	0.04899955505650788	-0.005711397264373638	-0.054467769456166146	-0.013722504568829959	0.01801044687245123	-0.08009753422530257	0.10974769567568285	0.07679612872691918	-0.036745220465763166	-0.01592662775147053	0.05258662806966729	-0.010965008082806593	-0.026825252910035336	0.03482638984531552	0.06829169946859619	0.021926329135164103	-0.00635052023970314	0.062439462814281116	-0.010467077056760893	0.032665268547148955	-0.03028645994553651	0.006845629380275458	0.0011008817588739862	0.05196468904624427	0.051216357939809526	0.04947356250411515	-0.05179428225111242	0.03338096744457075	0.036455985047586986	0.0522342438076172	-0.032450538801869266	0.026840567589852198	-0.011391692705825053	-0.039681349072638115	-0.01967370866269647	0.06336877875043853	-0.0
Y.M3	0.1793580809497179	0.08128126186202643	0.06709940438944449	-0.04961811927436918	0.04434273662495057	0.03134551923691937	0.02199895400222983	-0.010248192534225002	-0.0304315903581815	-0.053485003661310745	-0.04971897620377656	-0.0033836175909009794	-0.04480648487776533	-0.09670603796571532	0.028899494215330033	0.048541619425960594	0.027982452996916454	-0.027606573212536827	-0.014300687147230599	-0.06044573752507813	-0.011524746061696315	-0.005277688380465264	0.03747360879669363	-0.08268527572380203	0.009604622977756976	0.0025791136906731394	-0.05837914269668989	0.03420748064343413	0.0032854341257090476	-0.02678459201958337	0.006143975892909904	0.05124355217513931	-0.09124950463064006	-0.0382289861895909	0.01837643298076891	0.015307443806795799	-0.007398258378392066	0.005363388062357509	-0.041208851856612584	0.075267343354058	0.010180721940037885	-0.0049060543268173535	0.021275527204219515	-0.012423022858214755	-0.0476926864496481	-0.04044533326591715	-0.0035411158262046234	-0.03726357814766774	0.10828003603787736	-0.0
Y.M4	0.15920768930361143	0.07061132753930661	0.02563596910930067	0.018759579204383516	0.04184744333812984	0.02588590269658848	-0.02239168077312601	-0.012403451537217811	-0.010901175147927787	-0.012076883172495011	-0.027738957824740215	-0.013300085312139467	-0.04959371993664082	-0.0727557640063249	0.01693834815044759	0.055439956040954565	0.04235376205308038	-0.049876902671136446	-0.05477329238582481	-0.045952779338564106	-0.024868910790752496	0.05372710682628705	0.03242204471899705	0.03253052369244834	0.007209702871320049	-0.043404537185134984	-0.00020835570709010516	0.04240224907134279	0.07865308961863707	-0.009587303799507781	0.010013194594373144	0.04449185197478531	-0.017512286561242634	-0.06729628964849137	0.001876077777230448	0.023713588120854813	-0.0017346228870508175	-0.00014047580635136452	-0.011544167359894067	-0.056563155284964244	-0.054260228440545843	0.04242183653532015	0.011157512016117857	-0.053145110534004135	0.024636829382329375	0.1244140731870038	0.03702357139197156	-0.03950139644410714	-0.03305324838126534	-0.0
Y.M5	0.21033553196511615	0.05254429743083323	0.04363053996630216	-0.0415888869093749	0.024612284856490457	0.021229509485017586	0.0035585850645657754	-0.012846103931266718	-0.023105401587074637	-0.027520169500959313	-0.015230551951921	0.008833064922655403	-0.013932828222904333	-0.08702834516805055	0.03886857133331795	0.01424349956547067	0.009170182768085048	-0.007112023250363566	-0.04694619486837843	-0.0015304598423833014	0.03104523436542437	-0.03326042254236108	0.030371674709804987	-0.03148238491272471	0.04189598272059677	-0.02976951810096525	-0.0071926373885677335	0.05417201643213399	-0.01600391332505099	-0.02828444762741852	0.029976372691959068	0.029314932503473258	0.004688062869018821	-0.02346272574204139	0.03828871556052137	0.0029122727530559844	0.02589803218222756	0.039080919215530516	-0.019575369562122937	-0.024309403883667823	0.01950160954980918	0.010813370484389209	-0.004714814921510909	-0.035459549334049434	-0.04083240116819268	-0.10729126539012081	0.0008629971143686778	0.0106206498348638	-0.12439646358084308	-0.0
Y.J1	0.1971296267511989	0.05886989368080898	0.02231882080798498	0.023773859401319458	-0.004013719009220632	-0.016238436746459674	-0.025437669775451952	0.013382155981505125	-0.03119091774574404	0.024974104929329166	0.02911885788664071	-0.005262055341325134	-0.037804413255434086	-0.026070421668191422	0.009470572597169439	0.013198332436497156	-0.006912823884582083	-0.06569288164997318	-0.003210409698331251	-0.006453042731789016	0.001787816693025552	-0.02512818260809658	-0.011261824388919576	-0.03361710819112758	2.9694256310263226e-05	0.04076109516376757	-0.010481340400928796	0.07040768017526042	-0.024626636105059916	-0.018968125084519772	0.048084313512384826	0.0024448289895607073	0.017646349586621587	-0.025213213488087638	0.006423568208003506	-0.04085690254292792	0.02236517156259869	0.0005609998012617131	0.008311939633582403	-0.03284655406509154	0.06370478288878388	-0.051654290015410144	-0.0543879950214267	0.008274830548560071	0.0168515768819543	0.029010864621036962	0.09239086271014547	0.1190694549661779	0.0357612960070738	-0.0
Y.J2	0.14291875363329837	0.05187540738179378	0.05937207253531862	0.007116660921162428	0.02160243439056745	-0.02293678491004065	-0.03238647776133318	0.0069838971290154366	-0.04317120966944818	-0.02083273950749499	0.03947924649205026	-0.03722892379110973	-0.022705761121039926	-0.05051097979072038	0.038347784585443766	0.034348966442039	0.006036488253612729	-0.10942852107242929	0.004764317895203246	-0.035630979840582076	-0.0213013725869915	0.006027698599345765	0.028634153561695026	0.021293937304143012	-0.07107810005170305	0.032762574485233606	0.030841641542652738	-0.030775063152624158	-0.019181510049222875	-0.04715164180617412	0.016685498824266946	-0.0011875409270993241	-0.05317572734412466	-0.021382313340752853	-0.001587442900314707	0.04334729871629762	-0.025959058976509308	0.05942709367225432	0.08375074293864529	-0.016367747992048504	-0.05633685646314331	0.027111052533603224	0.010965736126315156	0.12049308163423755	0.03874291542936656	-0.014654398631814874	-0.06471042578202903	0.03881153500455737	-0.007312030442230906	-0.0
Y.J3	0.20080314204294217	0.08038825958575864	0.058573800547156156	-0.1339924120969766	-0.051479986065483485	0.005022595267016444	-0.02442728988399219	0.027573214273726575	0.005788371876696279	-0.0005111811911706684	0.010566556535482934	-0.012836892803320468	0.02296723847556293	0.009946198762837982	0.0061750142190490865	0.00028160668371539403	-0.025907829210034816	-0.08306226401131893	-0.05217208537191588	-0.015893258952216816	0.09647932123671561	0.004630971957806495	0.0398846269734225	0.02278399516832101	-0.09912063574117	-0.04475553699788514	0.04889902506725928	-0.06714044694814704	-0.062273073918416535	0.04877916634704734	-0.03687694539022186	-0.08329503770726872	-0.033771651411801176	-0.063786907527469	-0.04056725037802559	0.009466330243396293	-0.02435277743973245	-0.025750953202924007	-0.049734059536376066	0.0678473677517312	0.07380001788328906	-0.027918396430700692	-0.045165193124548725	-0.015656623327157088	-0.007377757762812526	0.04197970005649698	-0.02888431849444187	-0.007095209727500508	-0.032794910066863914	-0.0
Y.J4	0.15328658118915256	0.033654422170139406	0.05480754398464657	-0.004643528837412596	0.004248119227477037	-0.03370084766212833	-0.03453973562105696	0.040969634141375194	-0.03128634312148596	-0.001466247473904759	0.05098587178700926	-0.03364969586527575	-0.005787169362392918	0.030604288139160295	0.009996050220552503	-0.0005728036512449455	-0.028726667401602356	-0.07881041362216692	0.02911523848678264	-0.04576615810276259	-0.008843908015450472	0.01672154006673925	0.011412263437898817	0.0036830473652123934	-0.09145584875567597	0.08240911436943128	0.021923964574069043	-0.1191757878797706	-0.09513624820889627	-0.030395949011744347	-0.05217592327263535	0.031809503362843036	0.013738989665602441	0.07204419208068079	0.0013600460955296677	-0.016511999737223323	-0.00046161554721759813	0.0018665415397127695	-0.017785540862527552	-0.0879726439790558	-0.015204297535606641	0.03888673036084175	0.01851067372613581	-0.09055425380795203	0.0026333304217625096	-0.03769113496530176	0.03848367298829391	-0.02272929626865346	0.025186820363348322	-0.0
Y.J5	0.17551639600827784	0.10951584868040731	0.021421396763930577	-0.09545244964308097	-0.06087581572446239	-0.026932759810804317	-0.020317168628815906	0.017401789294962763	0.02097838561253687	-0.003133234719131974	0.018353036788668488	-0.07491990336357436	0.013111176281574334	0.0005171321624549585	0.015760745719043394	0.018387116060122482	0.019713433144012985	-0.045518840496089834	0.0013794278335604268	0.022915014122360626	-0.0755120331269775	0.07286908340528543	0.04488278150866773	-0.0030080686054152353	0.03544385390142685	0.05887461693600608	-0.07770035342357845	0.07434189180022509	0.13944404714178227	-0.005551162676316209	-0.12781980324330838	-0.10341370673595268	-0.013591801656473244	0.06806313850591691	-0.046852981473540334	-0.03729294532401765	0.0009640711593340687	-0.022984719687438388	0.02701103794651281	0.004880214609895854	0.007454023452887433	0.0008042539416129227	-0.008685261794441667	-0.019037441448556482	0.013321215355369028	-0.026257505601722422	-0.016259808538717224	0.009824553318325113	-0.00908864988443317	-0.0
Y.U1	0.20012032842277774	0.10454791840305246	0.01962910569756518	-0.14197725484252746	-0.02416894123317803	0.0018727524543821045	0.03770559153030136	-0.011943230527574709	0.03186640997863117	-0.04064826122742544	-0.007998751437995012	0.035767378983792744	0.04943916893837128	-0.037173294811412794	0.020739080835686582	-0.07317005362373816	0.026092375025650334	0.07546674487086916	0.06334063868804152	0.06628164343787252	0.010361084699800979	-0.0021183107361002	-0.05720281228054327	0.00046003639667626257	-0.10494903835206297	-0.03467622531298444	-0.022120777916968322	0.01878086904094204	0.006712102976869361	-0.012826872199950493	0.028068283590066086	-0.010805587840455584	0.027353941366230546	-0.005117462552189646	-0.0019311654552807156	0.013059326357923746	-0.06756386822054813	-0.020913286160691495	-0.02489823524593778	0.0387044452735475	-0.1384154684120013	-0.04999579132520643	-0.030425580905862372	-0.018039872798428284	0.043185344830319335	-0.030048338840009067	0.04439969881043013	0.010187370906273925	-0.001262391493527783	-0.0
Y.U2	0.12861820438286276	0.0919891265974911	-0.06000882803838101	-0.012801731607366536	-0.039091487337894484	0.06111363948270439	0.03340698403450219	0.08479881715607775	-0.028173481248941236	0.011478909427692606	-0.02663673837334934	0.032899273760842625	0.0020051298755994333	0.10456770614951928	-0.008027679724156555	-0.0057211022540652355	0.047451773861832275	0.053370434596793005	-0.02499286012487142	-0.14196014086561473	0.010798829822756985	0.0388644473639721	-0.023251790563011732	-0.03884624493595855	-0.02030741058161747	-0.004635506184576842	0.03196134038338346	-0.0002025375220061572	0.01753718243949692	-0.022725912145727167	-0.005768177085463287	0.08508233475673235	0.0016446544724476766	0.0716799053151648	0.04433428363592049	0.034399223657823386	0.09258202481260484	-0.03883861323315331	0.0066043611017104	0.06907129299283517	0.000916219189324108	-0.025342433966270544	0.025569658872519538	-0.032731363319317676	0.061914097309489026	0.016601747746515155	-0.05037271616484203	0.046536046725553996	-0.019240212087887943	-0.0
Y.U3	0.027477369598754922	0.06651501327103496	-0.05838494912353258	0.17355270976472453	-0.043758588754641475	0.013016675668992629	0.1643316323472191	0.036993151101509816	-0.047808487207760375	-0.035454179192895924	0.06865578783312243	0.03672486089216286	0.031303335100752804	0.0723455509036931	0.06130613016053729	-0.042629803834809056	-0.015804981695587948	-0.0257611202942812	0.09590318459514642	-0.0922996100442842	0.12895329536442474	-0.029547010432977642	-0.05190559693010616	0.0007219997499822514	0.02673955739021168	0.019327913932033515	0.13024582534131574	0.06502576053851176	0.09068923538578902	-0.02840163921568738	-0.042953929277924595	-0.02064447169901996	-0.01115291227732339	-0.036409010207931324	-0.007032732145450783	-0.010189398875759356	-0.03975453721666974	0.000630999779148249	-0.036416736942492194	-0.03897513303432209	-0.004829400768213521	0.00263425425409033	-0.01772787520728521	0.012499182758004681	-0.022080508736114748	-0.016547526136162616	-0.004565790815634535	-0.01833886240294761	0.012841328256502613	-0.0
Y.U4	0.21692555554395024	0.09110787915857708	0.02520999928739597	-0.11901342789367503	-0.033832198792577005	0.023263952821932825	-0.004055855178672891	0.004783697270187157	0.03288547879126719	0.014789956389650891	-0.009077254527833508	0.041320824133855086	0.040841162154747576	0.06754639224316465	0.007583015871515428	-0.04856496772887668	0.002584581551008452	0.058675779218481494	-0.025550813156888775	-0.021544872912078905	0.01852647865722353	0.018243282211827815	-0.009875801088779812	-0.006688856228904109	-0.04390929590217471	-0.01412820730728977	-0.003707147172200869	-0.020228457965053914	0.015730416423534514	-0.024687128032764877	-0.012189233055395972	0.02441023755221228	-0.012304735001426792	0.06767068255843062	0.012346636048047754	-0.014160110124158706	0.04601670117697693	-0.018997430384029214	0.042805461710129174	0.006111805895236401	-0.001381181945019212	0.043278909599667896	-0.01298262764725582	0.10154017209136801	-0.11216773166127852	0.03414213832747334	0.0764843326255735	-0.029463297172006138	-0.016210418763953596	-0.0
Y.U5	0.1961886704049852	0.0976732065594254	-0.004549511119715686	-0.10455056048386108	-0.01013070648182493	0.006404536746730222	0.021521445435698176	0.002633111813716935	-0.00593132802604349	-0.0444213413842216	0.000566780343772748	0.003538622823228115	0.007971630416854062	-0.04176064033579532	0.015456859201281465	-0.02366046252216021	-0.016784557846162517	0.06787901544571928	0.03813374492371599	-0.03728621477692685	-0.02513236156698953	-0.05598885196214526	-0.010766046164743477	-0.017645273772562007	0.027457213323305554	0.012077679770439184	-0.08617963088267266	-0.054054414310972146	0.02237299833356735	0.01249425306591895	0.022474211608915596	0.026894486282439248	0.04553439726492106	0.012438090206838665	0.09330549450819536	-0.0631912610909422	-0.11356521794936282	-0.05578268246361716	-0.04714575736160835	-0.060897532862441144	0.06374305166908535	0.008910519272490083	0.027762717725985802	0.044217696130536915	0.02179055074183315	0.03254215005571132	-0.055444764984884126	0.0011236871478956746	-0.0069718261944426525	-0.0
Z.K1	-0.08931309603513866	-0.3104942076867822	-0.1433320456186929	0.04546865376963457	-0.06964558674664639	0.06928022358064914	0.04783149127473941	-0.04690919794746862	0.07541143754659704	-0.012890970954659353	-0.04637350858918256	0.05532978273353149	0.05241488052498687	0.01832472723442021	0.07469751488783273	-0.03594898553659681	0.07059921608805052	-0.12998245482011314	0.032181498955888205	-0.022826230284412465	0.06173086670804204	0.049172986130959134	-0.03375024344321364	0.06267341783854086	0.02744591051362848	-0.06991636836223983	-0.13743268521948745	0.037979346258491	-0.09095292748314726	-0.04918231874772486	-0.03201175884201523	-0.019694169877059044	-0.000852194606983833	0.03246172263378197	-0.010707819044848568	0.05965340412056368	-0.019387604746162978	0.0034205583764625683	-0.011300293124212409	-0.014915465401808999	0.024131543579818636	-0.016378179379531416	0.06124177499737728	0.016165321419183785	0.010975968737973065	0.004943926809141645	0.02043642212736925	0.0033979288926894897	-0.003318360426332579	-0.0
Z.K2	0.04708391333873173	-0.33613875271184895	0.07212270291509293	-0.016008980169310114	-0.013734872794485193	-0.028528342510384445	0.026969663627261203	0.004630646019956781	-0.023855312789809582	-0.0017039009781813343	0.017789283097358822	-0.007716726023431872	0.006940259922939829	-0.010878843238319492	-0.005716201347676283	-0.0050179041663111455	0.00978847814690645	0.06216903678803464	-0.032802439536442386	-0.0345930902019272	-0.007962101224078344	0.023743795234835406	0.024469895027568772	0.013175262585258064	0.017066094353773303	0.06750851480930056	0.017327446360526123	-0.007884634020803935	0.016993122453288143	0.016544295222968953	0.014749792834675472	0.0014671854282943277	0.042067549495015774	-0.007513369957951575	-0.04651834794430297	-0.021638890533487814	0.016908581688717905	0.06217076679406257	-0.08744630175913015	0.061011020094888985	0.03600089406295474	0.06568145482133358	0.015443271108472816	0.06183463378904235	0.09749671074214018	-0.0233618583646681	0.06462488242949133	-0.035153564840206396	-0.008241440116558781	-0.0
Z.K3	-0.19783152556673694	-0.27873653815406274	-0.2797557070009851	-0.0742345968222958	0.11505612303151772	0.022851796515811297	-0.07292542452670353	0.013625806554922001	0.03645964417646325	0.02727402662685878	0.044701099934649456	0.028251789334724983	0.057557886856125895	-0.032879951252426445	0.05624958655749064	-0.005091855701374077	0.006151759755677583	-0.12542570044595225	-0.04800554063314667	0.13008162182774935	0.04080945891906868	0.05860334938960526	-0.06040597101568401	-0.15442637811017884	-0.01858282542976993	0.04381477735752853	0.05702266553978905	-0.037302226699894345	0.0766736459178365	0.03540190378444263	0.00642855143934596	0.05207343799973856	-0.010316356190590164	0.009834101615333626	0.02449739383847399	-0.01447030960417598	-0.011672732024876627	-0.011987427547288675	-0.008593960697640788	0.005181255485413435	0.0024451498356092755	-0.007598302944888962	0.008713051712101173	0.0058474051374670785	0.0001977758692099889	0.002701694975272922	-0.0031905625698252157	-0.0025107405415157173	-0.007708729990959157	-0.0
Z.K4	-0.006486605405671919	-0.353676407879313	-0.03142435384541439	-0.004459133208942088	-0.07051224857717431	0.02481903920266824	-0.0639197065051295	0.0031172648293734343	0.0385835871188728	0.04350714457949774	-0.06340548742526331	0.0045373421580340734	-0.02814768744946816	0.032875530482271494	-0.015268757948533733	0.0011083549309004507	0.031583195712142915	0.011227369467150755	-0.02792234437566539	-0.012101559019969038	-0.023879171423787506	-0.009198386395775733	-0.01150476606231475	0.03690833969543178	-0.014966994189219502	0.02964139621420201	-0.03766535622978455	0.03195518423123137	-0.00239229579425492	-0.003030156827311143	0.01590550518977188	0.02419923278026617	-0.0010943650133205824	0.03500274741375373	0.004209809579131017	0.009560351040365728	0.030319547208579604	0.04400019624347018	-0.08602777583710867	-0.051223841441257204	-0.0348654123447739	0.00209943950340153	-0.14596894722867132	0.007422335094126258	-0.02748439981411667	0.008146379982849426	-0.07256344270905551	-0.0054177264798616525	0.02040112705318391	-0.0
Z.K5	-0.04656526823836983	-0.33854667044061465	-0.001564680072882588	0.03958970360690878	-0.03272869226563598	0.032755337843932635	-0.06349772307297046	0.012404676528144634	0.01719230865848743	0.014303264667938933	-0.08478435860794191	0.01694622292426457	-0.05016020033221152	0.005395489461920945	-0.016599565673392457	0.00781070024160804	0.04707143063716898	0.0313870194548098	-0.0026589523802158857	0.010217069757917798	-0.033882690886465394	-0.018866330758250078	-0.02228150558373296	0.1047689791390007	-0.02258534729456197	0.002942565891904408	0.0776648094548639	0.0014930857444509225	0.039131860327906214	0.006986926015158223	0.028775673039487585	-0.030546843052519774	-0.04470083496905354	0.011033713204511483	0.044243635055601804	0.008506391657805777	-0.08884858832208235	-0.045699072483241336	0.025783794719920983	0.0512229077760154	0.014522139433604296	0.1014099291047633	0.0182861701800306	-0.049478208539055345	-0.03509336637822027	-0.018677165025959088	0.013265499595386218	0.06748102784039546	0.006045356865923355	-0.0
Z.M1	-0.18318549908910672	0.051721595299515664	-0.3837355066786251	-0.11578072875446299	0.15457769183750722	0.06272982576446445	-0.04230397268617138	0.006954470596535371	-0.06969789477863085	-0.0015445090562466242	0.09241771247368909	-0.009920589500123467	0.10375427649733893	0.00027537688927436414	0.07996170074385404	-0.006567086126361746	-0.07552478039682473	0.048424043851360066	-0.03772401327973038	-0.09862812099144015	-0.1006981178464227	-0.13466371334340307	0.01697492146046077	0.1048930957911252	-0.0008648352980737273	-0.007138700327528812	-0.016239194645005763	0.011945831280160715	-0.002132097776748877	0.017579104176536332	-0.01333573798428162	-0.008384687065217642	-0.01637862961064944	-0.016584597479263826	-0.036217424554153756	0.011069479831656752	0.012544182061401196	0.012525342676642622	0.007217695683812427	0.004427170632333919	-0.0028652861709396534	-0.007842198301599029	-0.005981220448634478	-0.011773055186088852	-0.003566765574218966	-0.006192763609892327	0.01353062095078036	0.0010482861507598187	0.006638220653977281	-0.0
Z.M2	0.00878285524555948	0.09416703769129317	-0.2146057295249753	-0.1628857712517222	-0.0409049767437775	0.015168341147836537	-0.045990057471036565	-0.021924328880669364	0.07337735115231654	-0.02617333000126554	-0.1597291495828752	-0.05656817713524955	-0.06429833246136268	-0.0008833173089428713	-0.08666969454561067	0.048620835974329	0.05609543758434612	-0.04317658366982779	0.1889082978242507	-0.05580233527951455	-0.0029365621720748086	-0.027121685350745908	0.009501222168660211	-0.04251063224554057	0.09317450293835684	-0.03857770915979565	0.06841875736370001	-0.06427920239553667	-0.008225399423684606	0.040896521242770364	0.006640520237347604	-0.058185039294727035	0.02712728910145925	-0.021142847952287862	0.01272380571562424	-0.012839913500210947	0.04523697563922102	0.04359919027203421	0.007001847882825729	-0.008783183218366492	-0.01917669766579615	0.004958703743889121	0.003351912386346571	0.007268845775176753	0.004405217789486702	-0.003623771458393403	0.016339636439503136	-0.0006683326491139775	0.005717898193870229	-0.0
Z.M3	0.05311744143082561	0.06429325065612441	-0.05040841624277311	0.13073439844939302	-0.02272484897710219	0.01810526131957748	-0.11900591841139678	0.0008062454425928529	0.020475292243347803	0.10847183471052985	-0.05945683981712697	0.013504787501045177	-0.08002549597399129	0.03880736646042489	-0.05232699714596611	0.022736738945118642	-0.008328486400102716	-0.08495648709889338	0.03935606052322804	0.02713295103396008	-0.04791165700128619	-0.11522917364489	-0.008171581861196982	0.010567442736709258	-0.08411830212890438	0.06073561358911267	0.013615073678703111	0.12187408628839717	-0.04739291487298631	-0.005490799081625929	0.00995577431439195	0.009619356663815349	0.025808545187457402	-0.010098110504151263	-0.005590404172427682	-0.06239915626401465	0.013668958332793595	-0.07661948260058259	-0.007614936200101436	0.029380423271457477	-0.009841918084988355	-0.023744622257320668	0.04327327046513842	0.028331102759081767	0.008424868474390716	-0.005392641091468486	-0.009371471363149022	-0.06404193670932853	-0.02403513563999068	-0.0
Z.M4	0.09866207627520629	0.07589129088859393	0.010012085218265084	0.11658716057134116	0.049764539310655	0.027409903537318106	-0.067840503928013	0.008087384855007405	-0.020783811400844752	0.034341430634987846	0.03377746681804832	0.014998619481698254	-0.06038134310435176	-0.02302822677217096	-0.004541966559985194	0.018881068984600045	0.03099843221294064	-0.05955008109814823	-0.04332900878023031	-0.01788061794672117	-0.01845779786421253	0.08227135026649895	-0.01510968359745469	0.10651203705247271	-0.0017432443723163489	-0.10377482291548425	-0.0015278467576793518	-0.0789446488505543	0.0783721967918943	0.015262258702282452	-0.02008322144938512	0.0428369687535096	0.16199021698088553	-0.03281737163204325	-0.003542804081060291	-0.014700933929373026	-0.00036711933794215853	-0.004379482211083161	0.012219910928859806	0.024814286438171462	0.008489745030156585	-0.03707705851485268	-0.010680164786381546	0.018561517076609805	-0.027546526566669234	-0.04946370494613343	-0.004621008841924748	-0.0043863197740661025	0.03157072741464766	-0.0
Z.M5	0.15067010999490338	0.1100147021383433	0.01983609831941004	-0.05601294768296061	-0.06561818597300838	-0.05042712340378525	-0.025141531185462578	-0.00574820102609013	0.03370106572125729	0.07284701829805683	0.04185666760159169	-0.033527722226789236	0.06927880358560005	0.07153384355316902	-0.027337314678706984	-0.012628225541637719	-0.04617888438897006	-0.011893715939792186	0.029779508551227518	0.08810154506321864	-0.03768208838046164	0.03908070777093554	0.06331276711901336	0.06094982390395509	0.17210788624922688	0.0700597209840263	0.054182677621780514	0.009717468362832033	-0.06427957174497335	0.006403986397132809	-0.04879591924371622	0.11779940074074934	-0.005373127206447138	-0.03711013908916741	-0.001140690375914916	0.07400366981519078	-0.04928375758726721	-0.028776380707999604	-0.018944888268150224	0.025519205043791647	-0.018457541245785487	-0.018737045247229082	-0.005257958020461571	0.01097437599786273	-0.011887038447185578	0.004407945500782578	0.004185172910315279	0.010889528510607557	-0.004152038255442452	-0.0
Z.J1	0.13298118074069476	0.05792906187753863	0.020771132284282602	0.09014292563264573	0.03297700591881331	-0.025565783602041144	-0.02225816438749696	0.03302456929582105	-0.04439113216952705	0.09061338706817978	0.07517451149915275	0.010029796845131948	-0.031967337881931186	0.06526103981511211	-0.04289317691764481	-0.0028681680088884273	-0.03790907407238943	0.010209825799822778	0.005133386402164374	-0.013434081760639448	-0.03503430932358672	-0.006291914864938114	-0.08603555715209037	-0.05924628444835524	0.0007632792001607635	0.05001978552032265	-0.06716838233031147	0.006892533221806077	0.0020259276138937634	0.06780922269025409	0.000620641392180827	-0.09679207631888681	0.029939558007019362	-0.01189788605927233	0.11597754595408753	0.12935615087062793	-0.019526257023349095	0.06808656674860888	0.021280973138953406	0.025355934151265004	0.009069870866255858	-0.0005779209012936563	-0.00675939383968228	-0.016378110646568057	-0.009928458971885672	0.012325613501859591	0.017054833494042854	-0.03026946081638153	-0.006352654155418721	-0.0
Z.J2	0.14671978354928625	0.08526762740394025	0.0025807793328070155	0.050696847498926716	-0.0043052567197139095	0.01988461872532571	-0.05428984400592766	0.01468159411080129	0.012266586905982323	0.10323106679528284	-0.0009734735121631909	0.041642028023440095	-0.008734688774112463	0.10610346383183093	-0.07463138481109072	0.016297141202358797	-0.0011209094464445888	0.044126885803717146	-0.06650499210963144	-0.049096793111442105	-0.05183203267645156	0.0050240392292324465	-0.11452611817661947	-0.1174744157724298	0.06047167434193536	-0.0807982789458902	-0.029865081879627307	-0.03764948402274787	-0.01815591117104759	-0.02013780528086149	0.030698748330822437	-0.0027682744256648855	-0.04725147063669705	-0.02594752503917418	-0.1478253887328157	-0.010755668607369887	-0.06340743642062645	-0.009854638082869441	0.011019437019082258	-0.03294279874329424	-0.0008052155816884236	0.024442051083436812	-0.0016342674247932783	-0.0029165576701356767	0.011475572938768778	-0.024000768303954784	-0.005508147305234463	0.004812907677439665	-0.005337345731333014	-0.0
Z.J3	-0.12127045002544493	0.07464373750430071	-0.3155401843190589	0.04512488072488868	-0.01616126076822297	-0.09134510816068987	-0.029951320285775285	0.07794205912992384	-0.04314458463521767	-0.06722299033048441	0.006940763153409772	-0.14849179050318292	-0.08487405653679	-0.017763851068785086	-0.13938330111962716	0.06399284183962552	-0.038296520058200785	0.10509733043106527	-0.05463460883450485	0.011125960499637145	0.18130939007166352	0.07110180973484553	0.03714857460472396	0.016961402131455996	-0.021866733050437123	0.019347507607933172	-0.057314766285306025	0.038544042521798355	-0.02719457987679149	-0.017110028039267013	0.01452205802088457	0.01445036151484294	0.004244598295548817	0.014345663605453316	-0.011299867947537345	0.00339909454972765	-0.039871532629639	-0.007903930026355336	0.025747591530160346	-0.0010526553093967903	-0.00633294861078698	0.004872663817063582	-0.004642113919691127	0.00584349340975247	-0.0027678252411668593	-0.006745936279360649	0.0055801604363051	-0.006610074476519506	0.0017722245788492448	-0.0
Z.J4	0.10994558720099333	0.08241107442224502	0.03104025343850128	0.08364189750581423	0.05403381383182925	-0.03705937354585144	-0.03408442283341736	0.018216054109839935	-0.028859325736679004	0.04564497862927026	0.06089141075452533	-0.021698866038343305	-0.020758874939801063	-0.03259288487090758	-0.016865902445919925	-0.015775883365335534	-0.04771850698189209	-0.008010152113411037	-0.02723396663998439	0.06610697690664995	0.040443976230190026	0.011537725577154056	-0.09849695822628017	0.10001927354354234	0.09816951777143632	-0.04111047263407588	-0.01375912477006358	-0.0654057079880371	-0.010580113847925053	-0.018645621973351737	0.008079449424174817	-0.05526630931579591	-0.11496589585180689	0.02746528808821608	0.06449413378490727	-0.09303015888768636	0.0679739676435556	0.0039031136018545963	-0.06180937553987785	0.017104218512270758	-0.048730762583231224	-0.018949216652614138	0.026178544121167033	0.010853839081490093	0.011573900686780735	0.006408960790597553	-0.0015642347926737889	0.006713745445148402	-0.0004779984885818094	-0.0
Z.J5	0.12135418136463037	0.06308554758079374	0.051420919192158056	0.059895779722337554	0.062463802874912266	-0.017355547777784485	-0.0010561077951919704	-0.009936762663098137	-0.056323148014389784	0.008775074942258671	0.004503079609800598	0.00014303014279352848	-0.0232639491184252	-0.1392523706463406	0.02825615985975114	0.003876676400181572	-0.0029867389031914176	-0.016805899692625643	-0.00411996601586586	0.055850691326263524	0.03588227597089255	-0.11061805435810936	0.03681007345326472	-0.028132869275163716	0.07237869890524977	-0.048697087817728885	0.0698677867966741	0.0003166142773258592	-0.005802128011524188	-0.03520054659912652	0.0426013340958886	-0.032048887203579714	0.05118420642290307	0.1697025988935267	-0.06270443861541863	0.07014261575928238	-0.022020284042871457	-0.0056166834847608755	-0.00584676403593579	0.023265367960374813	0.008869553322745055	-0.0011196321800479752	-0.011210284003322425	-0.0056505188797732215	0.002361711400179475	0.03718382416968646	-0.010923095677558767	-0.013449376264387133	0.010297910607080399	-0.0
Z.U1	0.1373576238880926	0.06489503600947605	-0.015717781983287674	0.1160960934901736	-0.03322257333629282	-0.005131141028958657	0.10389345811783159	-0.050691166482836864	0.010514714366128424	-0.029479375281194535	0.016601303990992456	0.05192296628849232	0.02458511372785153	-0.013423779676968643	0.05368549572493897	-0.03424810200689677	0.006008298920531982	-0.05463865476765445	0.04027388743399931	-0.006828952506591749	0.06397573732385689	-0.024156211440348546	0.023649615162392158	0.01515366940814888	0.03633372673142664	0.08438167740348414	-0.1051842925283544	-0.04564464731712875	-0.0030506564437833422	0.15612123428516878	0.08117041243228942	0.029485998479470595	0.004875307262298953	-0.003319580559781939	-0.05839282894086298	-0.04371693156075784	0.03280105852813537	-0.018580462615615637	0.06208706641373902	0.03864614023860798	-0.03298784249205476	0.04756775766117101	-0.02422258990438982	-0.02942685255757414	-0.011731404715092049	0.006855731381073487	-0.019416405868181816	0.00620122775427665	-0.007737202081426244	-0.0
Z.U2	0.016987912786349063	0.08324988498945177	-0.13169370131265573	0.18353595667859268	-0.1285007013405449	-0.010868349874595454	0.04018117593324588	-0.056258044460596415	0.07252347015089787	-0.023657809402341065	-0.10590916370908024	0.06732870188857185	-0.018845198299109397	-0.012921492573802427	-0.007732324853809978	-0.017081453800604926	0.008855979979366236	0.06337810342914951	-0.06679638315596538	0.09131988951099633	-0.01213608643913168	-0.12577391914802208	0.05458101398658441	-0.012692535826120177	-0.02957188971120907	0.047347035036965704	-0.028359870145230826	-0.12969256363281007	0.07119018427138234	-0.08054326385241119	-0.06683632794910571	0.011195037793226788	-0.02790770520569115	-0.04204655836712743	0.0011534568719929925	0.028830019438956103	0.016962542679579463	0.030320714632415036	0.011622484582557087	-0.0003572620645615456	0.018316209755967826	-0.03449033467959009	-0.0006917023742508989	-0.006099665996440355	0.015161897091539247	0.005074646637423408	0.017347274036405905	0.005577276496060463	-0.006465425759823406	-0.0
Z.U3	0.0734435056540876	0.07045035066614305	-0.025114287983656922	0.0039312160210265385	0.13472542654235317	-0.05056699895677958	0.012431747764647352	-0.0154777914820052	-0.010470841493347836	-0.06289186235905013	0.021539382661259873	0.009925802415766903	-0.05118058175981017	-0.0871086590261623	-0.010850172197883822	-0.057976442544177095	0.04987424756815897	0.09253458294884767	0.165073247250886	0.08738024390744435	-0.05335674713936855	0.07219721760387722	-0.12594956732095153	0.046733333562287975	-0.05535723539827956	0.04255722889746895	-0.0016741866888345326	0.011402082446126678	-0.016606658159842153	-0.039816197304202515	-0.015618562196307136	0.03240568735866246	-0.013100723446933036	-0.03156698169160251	-0.0688250269196386	0.03567255692377526	0.05164745955768489	0.006076928518134539	-0.0012188604728469341	0.0013360934596643307	0.07785304624764984	0.014126399609769826	-0.00042200668903973065	-0.011451377009572555	-0.017700970109305488	0.02053203310675546	-0.033338734696684864	-0.0013426797392766471	-0.01341802737766774	-0.0
Z.U4	0.04690090794436384	0.0527572972951776	-0.093605252649817	0.10516364477268793	0.1410780135380287	0.07824185394712874	0.0028885358217454393	-0.0033654637223269387	0.05209600290965176	0.03789590812168217	0.034122538238906944	0.10957101096204336	0.047417987832353965	0.03228367175512041	0.028204870212535454	-0.03985171969821609	0.04478449148860673	0.07707945367730491	0.009386890273601085	0.015029632810502095	-0.027766224101977023	0.11883354473356304	0.16270175359701378	-0.04731498549511549	0.025258377264386483	0.023946289965876794	0.022965497733607013	-0.0014591215602203526	-0.07169569183247468	-0.08986150315725595	0.048240614534882285	-0.10143582530851472	0.030888042140210344	-0.03264182125398961	0.029666350988670768	-0.041873291381107146	0.004428167726658019	-0.02163643970710775	0.005085126523184751	0.0047049799825102535	-0.012852006966710006	0.01852390020701851	-0.017294505784945995	-0.009050344594011267	-0.0012731911400073446	0.007498741974752412	-0.021459321959392607	-0.0044880709293768795	0.010912503484133347	-0.0
Z.U5	0.08153248385298809	0.08890678414192363	0.013205936148105139	0.1193506323531375	0.09489458251747258	0.04179773126551802	-0.011568799286918471	-0.012762728450149618	0.018121285480118102	0.017141051586643738	-0.052617332689084334	0.06294255139450707	-0.0109792059231227	0.007535974745938421	-0.01121520010797472	-0.023079797343124802	0.021756936723235015	0.08215006051573082	0.014726015184303881	0.04454367287698845	-0.0062208895256204415	0.02837012012431922	0.08600206202048429	-0.005016487074775564	-0.05728745561253852	-0.0884310779863507	0.03737401767042071	0.054171633814085435	-0.026662692704550173	0.1721990918863187	-0.08407367960658774	0.03801680821242868	-0.06374173298219353	0.052041016006480714	0.009316484449017936	-0.014882474798275367	-0.023561731676199692	0.05758717539018111	-0.007856269074244355	-0.04731138542589346	0.015656225636764037	-0.020295665444872366	0.017024928590776353	0.019879116300453786	0.021425007296774042	-0.011350021000598568	0.007509997218881119	0.015343746894939093	0.009967836043875319	-0.0


eigvals	1.7703731793775517	1.3359994215879185	0.6249325675275732	0.3755423367916892	0.3025610594356718	0.2859368270191555	0.2562694934319134	0.24094177888664078	0.23955201749483773	0.22874920458387143	0.22327172696283293	0.21683077658740388	0.2099211228682274	0.20589038390561554	0.19841399089826486	0.18726175429682346	0.18374938814605063	0.17713943396279383	0.16334445735843414	0.15822016009888312	0.15071286601123368	0.14282526491988304	0.1340623818259	0.13026767755460633	0.12702812026615018	0.11843495901311882	0.11778856181513302	0.11080156942614694	0.10866083474851304	0.10112589522728	0.09318824001349058	0.09089123397643116	0.08507450199719849	0.08279466286895376	0.08142836241000624	0.07851237049923306	0.07474014204633993	0.07017962532923018	0.06952248685982888	0.06330428560679131	0.061206040777383605	0.05834380236786446	0.05690935069639499	0.05507606635548111	0.049163543488244046	0.04786506102766019	0.046699797679361894	0.04261851801175935	0.03987782999237665	0.0
% variation explained	17.5736775574642	13.2618497192776	6.20341720311709	3.72783547154401	3.00338401072971	2.83836292730428	2.54386899770509	2.39171784886867	2.37792232888121	2.27068779041081	2.21631539782056	2.1523790558222	2.08379011202831	2.04377882645734	1.96956412328936	1.85886101709613	1.8239953792089	1.75838141440234	1.62144504777538	1.57057851364747	1.49605706971563	1.41776049366265	1.33077539709586	1.29310711898	1.26094952877279	1.17564918259766	1.16923269591351	1.09987604683477	1.07862596159905	1.00383009420588	0.925036653978488	0.902235335074062	0.844495321029584	0.821864410106753	0.808301775972971	0.779356069950628	0.741910898911863	0.696640754054556	0.690117643725962	0.628392429471009	0.607564121350349	0.579152001528717	0.564912861758743	0.546714694133036	0.488023808149048	0.47513437198828	0.463567340477033	0.423054360651221	0.395848815459235	0
