pc vector number	1	2	3	4	5	6	7	8	9	10	11	12	13	14	15	16	17	18	19	20	21	22	23	24	25	26	27	28	29	30	31	32	33	34	35	36	37	38	39	40	41	42	43	44	45	46	47	48	49	50
D1	-0.19367854407777854	-0.19370791201634502	-0.056531916914543456	-0.01564632498107948	-0.04010736035090061	0.04829773341088432	-0.01995635975618981	0.02704779612991169	0.03172306267931575	-0.012351239880445439	0.0646773453119659	-0.03905290407534515	-0.044141701445298644	-0.0032287771527721556	0.001544516418431197	0.01891237985967275	0.015204982653772264	-0.023918776102436676	-0.011745018955069103	0.009499041361354123	0.005931412458478755	-0.020710179471780856	0.02528445668655439	-0.027071274930215106	0.009951538857091729	-0.005098005792941941	-0.0009885779069259467	0.0	0.0	0.0	0.0	0.0	0.0	0.0	0.0	0.0	0.0	0.0	0.0	0.0	0.0	0.0	0.0	0.0	0.0	0.0	0.0	0.0	0.0	0.0
D2	-0.29193510646814774	-0.2618162862165024	-0.08208367164882939	-0.04063022543491353	-0.09131237915262287	0.022148351698200074	-0.02411082866472748	0.02736747597088359	0.022020984165958084	-0.05769123785436724	0.03385281159480194	0.031096135811376418	-0.05021649888888275	0.051530961320143	0.0011292761596789784	0.02110839321335807	-0.015191521569754712	0.0008259823253864663	0.022448308357227272	-0.02332374515201997	-0.03458060622180997	-0.0052960829510246945	-0.013112001952993058	0.006250514459113732	0.0029741832816764435	0.016474219845002844	-0.001388631750369856	0.0	0.0	0.0	0.0	0.0	0.0	0.0	0.0	0.0	0.0	0.0	0.0	0.0	0.0	0.0	0.0	0.0	0.0	0.0	0.0	0.0	0.0	0.0
D3	-0.05368302518713546	-0.09266211685141598	-0.11121351838045952	-0.035861826089655595	-0.01974473485081992	-0.04277335404737431	0.10563762670377466	-0.036880129052819524	-0.10515499607714265	-0.06492779369357975	-0.010257724779516425	0.050347374118704206	0.016390761806905487	0.041363978683233896	-0.03313259910663312	0.061678873312121144	0.011576595490766067	0.038931006922536156	0.01785466998646056	0.012633183385677585	0.012002622361916017	-0.014090971133114144	-0.010377390280341634	-0.0014134020532198888	0.00405252997755722	0.004775839712197286	0.0003954379872903049	0.0	0.0	0.0	0.0	0.0	0.0	0.0	0.0	0.0	0.0	0.0	0.0	0.0	0.0	0.0	0.0	0.0	0.0	0.0	0.0	0.0	0.0	0.0
D4	-0.025610224627375142	-0.010625859654263086	-0.2463974048772551	-0.05353217802977689	0.010817726913904025	-0.07970688302788863	0.019822780942185193	0.008866260013606067	-0.028111606726773503	-0.0913252365132508	0.03775764209095851	-0.004119172176150404	0.0003134518353403832	-0.002483679338250411	-0.0055785074570540065	0.003970420026054657	-0.007681781869575761	-0.00022791279752680792	-0.019048095485782915	0.00020156254465331208	-0.02629469735034006	0.01608510026438271	-0.0018787053301760229	0.008613375191095639	-0.00018161305941563727	-0.011437877340245144	-0.00016446194283304557	0.0	0.0	0.0	0.0	0.0	0.0	0.0	0.0	0.0	0.0	0.0	0.0	0.0	0.0	0.0	0.0	0.0	0.0	0.0	0.0	0.0	0.0	0.0
D5	-0.0896917547946247	-0.39071404540729776	0.07566986948403012	-0.05564966708234704	0.056997439931726276	-0.17228085919642885	0.07984565009346181	0.09083519085206337	-0.0017086937802912759	0.030272140643047223	0.016462380462686967	0.0018487083211910105	0.0601039112244438	-0.027904457496379296	-0.0035200662751038066	-9.930429822641753e-05	-0.013461679262679278	-0.02447084021519881	0.005601868476757122	0.004285226122234261	-0.0023408528173795387	0.0013137812008943738	0.00920758008248888	0.006127429845064583	-0.0020135879440469706	-0.00489950974697366	0.0004015737345446099	0.0	0.0	0.0	0.0	0.0	0.0	0.0	0.0	0.0	0.0	0.0	0.0	0.0	0.0	0.0	0.0	0.0	0.0	0.0	0.0	0.0	0.0	0.0
DF1	-0.19661950739554987	-0.16844721894413722	-0.08466241500776032	-0.02681777734693627	-0.008719825748215915	0.07880181649468275	0.009190372424279765	0.022223258011314074	0.024689123082895174	-0.03955590199563572	0.07631352511857327	-0.017721094919297107	-0.011493042834402783	-0.008838650827161516	0.022087019764751158	0.0038065024792369308	-0.035561422169396575	0.038219485084532455	-0.01994401308745956	0.007683124141851141	0.03747057705085137	0.009969289028708457	-0.014782963985589134	0.030564861331734944	-6.055193071354639e-05	-0.006700383119438566	0.0011532765276431915	0.0	0.0	0.0	0.0	0.0	0.0	0.0	0.0	0.0	0.0	0.0	0.0	0.0	0.0	0.0	0.0	0.0	0.0	0.0	0.0	0.0	0.0	0.0
DF2	-0.3558818410334135	-0.34746272592770977	-0.07420613484615103	0.008195263688732886	-0.17048210298036257	-0.09511837451835099	-0.002986922594127339	-0.029626814436004963	0.0007007556085003955	0.007570700007310908	-0.05455948982020647	0.06816321431573033	0.06420055762961614	-0.00600827481191151	0.03176582342687027	-0.002295773958744563	0.02887123102320395	0.00038429732969738644	-0.03060746423541907	0.029619104800769284	-0.011774454286132835	0.008376769878323906	-0.0055250561538236174	-0.004827009009492631	0.0012449428401101093	0.006311284383216002	2.4808312987064537e-06	0.0	0.0	0.0	0.0	0.0	0.0	0.0	0.0	0.0	0.0	0.0	0.0	0.0	0.0	0.0	0.0	0.0	0.0	0.0	0.0	0.0	0.0	0.0
DF3	-0.2498115143773696	-0.3200989614211214	-0.017816404111606163	-0.022860618643117038	-0.12719195236207945	-0.11163464053009572	0.0017471583611732907	-0.06262606275750528	-0.01302997285019755	0.04787946178287341	-0.0425285892730457	0.006608308571711439	-0.006053492449097635	-0.001273990532031683	-0.008332755551428178	0.007498053549304275	-0.007892183895602563	-0.005686111427991474	0.05122442071634507	-0.04576433641886688	0.017250702242686034	-0.005301436734979354	0.01025499479408762	0.0013628588077798777	-0.0012601497952199818	-0.021220079483554064	2.3122921132348372e-05	0.0	0.0	0.0	0.0	0.0	0.0	0.0	0.0	0.0	0.0	0.0	0.0	0.0	0.0	0.0	0.0	0.0	0.0	0.0	0.0	0.0	0.0	0.0
DF4	-0.20457012756689727	-0.3425440533756917	0.05227034228579374	-0.04406981117011014	-0.030312133853668526	-0.14115933977869052	-0.014243753251333533	-0.030480639648931194	-0.07257690631506461	0.0442069892496217	0.014020449569604214	-0.10595520721547144	-0.01916140946255691	-0.04709082895322538	-0.05892416222163069	-0.03794033347151265	0.003269783577236142	0.010805759785613099	-0.02596952480538435	0.020002702426673475	0.00017947921632756558	0.0029570601601987337	-0.0059759836221054425	-0.004995013850853362	-0.007043820047552273	0.009918850312154231	0.0007470277173297757	0.0	0.0	0.0	0.0	0.0	0.0	0.0	0.0	0.0	0.0	0.0	0.0	0.0	0.0	0.0	0.0	0.0	0.0	0.0	0.0	0.0	0.0	0.0
DF5	0.0006641028683535991	0.11344368261882706	-0.1352372798336188	-0.03289705687005175	0.00832950832313128	-0.0645357620716535	-0.01776953828697537	-0.10047590494174476	-0.025703370484064545	-0.02366474087224223	0.01141054168553752	-0.05480025085722388	0.0071745224237987374	-0.025311367335487937	0.04107128906102503	0.02574686171351396	0.015644560771526577	-0.053548239905297994	0.009977243671851647	-0.03449092468481664	0.02265696593077808	0.007441368448863251	0.006390033325525862	0.01125389594612088	0.01457361716636801	0.012800532416261006	0.001432892009838342	0.0	0.0	0.0	0.0	0.0	0.0	0.0	0.0	0.0	0.0	0.0	0.0	0.0	0.0	0.0	0.0	0.0	0.0	0.0	0.0	0.0	0.0	0.0
Y.K1	-0.02237177719625127	0.32113285533337405	0.07330202118647226	0.03376321075415988	-0.00380847905862466	-0.11538783755243938	0.006262672655749887	-0.02700677578181513	0.029406249609034072	-0.07200742400939422	0.028556531171971152	-0.00988423103662633	0.002962179841045354	-0.018277547601893564	0.02620032927300159	-0.023327780370832156	-0.010970222134044002	-0.002194564939464321	-0.009694625550057144	-0.004606831904523953	-0.0022827053433689994	-0.005213198838340755	-0.020289372944528115	-0.008610523736855837	-0.0020388502707618193	-0.012352028121384128	0.0005158514500651102	0.0	0.0	0.0	0.0	0.0	0.0	0.0	0.0	0.0	0.0	0.0	0.0	0.0	0.0	0.0	0.0	0.0	0.0	0.0	0.0	0.0	0.0	0.0
Y.K2	-0.2611659375689572	0.21596759964780932	0.29630144478302256	-0.023496334474772965	-0.07458531830338634	0.04236788376136333	0.025925749785684474	0.006871483420980167	0.07790427915125889	-0.027489300734088205	-0.045102183146080874	-0.015088199726794463	0.00522971099287793	-0.0017012171157544042	-0.012139833628510961	-0.028606424597517784	-0.04069732855403911	-0.006620761276140605	-0.0048720212468071475	0.01805228075067525	0.0019607293429085835	0.0020028705225567526	0.010047824241821499	0.005482708477430986	0.001375261261370029	0.0010728521670190397	-0.0007264812611638787	0.0	0.0	0.0	0.0	0.0	0.0	0.0	0.0	0.0	0.0	0.0	0.0	0.0	0.0	0.0	0.0	0.0	0.0	0.0	0.0	0.0	0.0	0.0
Y.K3	-0.09146168394304198	0.11042194450858508	0.24454682251778287	0.07983272799338666	0.01674195036337116	-0.049236295117589444	0.00024127634987517512	-0.08682509680915408	0.0219030070424713	-0.04013481167858482	0.03274020054257135	0.013672807513831172	0.03382426032485807	0.02674101382200516	0.014908364515335818	-0.013029110542277202	-0.032005668767122776	-0.026644921469772546	-0.01770771227062034	0.00020159267569476523	0.021126732069243346	-0.02517917927324609	-0.0128057147188684	-0.01060214758985819	0.004151101536772654	0.0027652706921901383	-0.0008020563903334364	0.0	0.0	0.0	0.0	0.0	0.0	0.0	0.0	0.0	0.0	0.0	0.0	0.0	0.0	0.0	0.0	0.0	0.0	0.0	0.0	0.0	0.0	0.0
Y.K4	-0.1483713401691833	0.4250110106183941	0.07048399351159935	-0.03369805402028264	-0.07028701420551292	-0.03735781522594036	0.016690539908693663	0.09158972662070332	0.014435188624236596	-0.04351688244632968	-0.12489740509625673	-0.03206732248967709	-0.019955955720202735	-0.03494726603508064	0.0014249796966698865	0.02345086492634021	-0.011077124229253391	-0.009841910562034517	-0.01150764957815229	-0.013106533623863425	-0.004089926489695738	0.00470701614362653	-0.011277324393938875	0.008339254786274265	-0.002547573031240147	0.004451669118107279	0.0012345192823489453	0.0	0.0	0.0	0.0	0.0	0.0	0.0	0.0	0.0	0.0	0.0	0.0	0.0	0.0	0.0	0.0	0.0	0.0	0.0	0.0	0.0	0.0	0.0
Y.K5	-0.031559673565504584	0.40144052040375	0.050979286265814876	-0.14629641037417115	-0.1061754223554852	-0.0857241771090876	-0.006353583602658342	-0.044011653213095484	0.0816936289394101	-0.03271786900958788	0.005770300087324242	-0.010094710974095094	0.006884682300998305	0.02595335892460542	-0.026350569600095058	-0.02611812807644581	0.0008426244068566758	0.02024243228581354	0.009861706919743996	0.005378110159638344	-0.007048963074331731	-0.012410526259662241	0.028557524124466323	0.0013358734795009112	-0.0012316319301243026	0.0015436951014861384	-0.0017534251768787069	0.0	0.0	0.0	0.0	0.0	0.0	0.0	0.0	0.0	0.0	0.0	0.0	0.0	0.0	0.0	0.0	0.0	0.0	0.0	0.0	0.0	0.0	0.0
Y.M1	0.12338615968917953	-0.3163279097549443	0.1831370583220369	-0.05801732841205062	-0.01736882875522585	-0.03465438624476087	-0.030770302153568574	0.1635562205043648	0.025355286422853493	0.02022002061144876	-0.015057976951011172	0.023011517357127757	-0.023780398942799135	0.07419081369635565	0.008094476479152466	-0.040925730882670174	0.0016836214140736278	-0.012594646566921577	-0.00866487329184917	-0.024114729664577065	-0.01047271328187135	0.00014851933693059525	-0.0018829546014329814	-0.0023311095136603712	-0.002666321701790963	0.003055893899080826	0.0003456359327724615	0.0	0.0	0.0	0.0	0.0	0.0	0.0	0.0	0.0	0.0	0.0	0.0	0.0	0.0	0.0	0.0	0.0	0.0	0.0	0.0	0.0	0.0	0.0
Y.M2	0.3718036890790464	0.03344471921203774	0.004319474477892058	0.1657930085355975	-0.07522284698109884	-0.04658728390168238	-0.01212866023372924	0.036679411991425555	0.009386864318643088	-0.01299043615082438	-0.06122462723794609	-0.0619649389880662	-0.007113354165583014	0.030358202134048853	0.0075704791109848756	0.06200018256554049	0.007202810044970429	-0.019915137562501354	-0.0020970844006043777	0.02334215719109665	-0.010084511015043408	0.0031653492077832485	0.016358658883623946	0.008766369253226098	0.007357549654657601	-0.0006351496656269645	0.0020395319915534533	0.0	0.0	0.0	0.0	0.0	0.0	0.0	0.0	0.0	0.0	0.0	0.0	0.0	0.0	0.0	0.0	0.0	0.0	0.0	0.0	0.0	0.0	0.0
Y.M3	0.34006790475170834	0.06479648220815966	-0.02620548606623603	-0.22887547462578542	-0.07587642505826675	0.023954492264834596	-0.08111891566752563	0.001045449491011687	-0.04217368882512129	-0.03733466949008454	0.006244226507612892	0.05851591361185579	0.004983774120134786	-0.06542047846233853	-0.018194946592480252	0.0005845750783144403	-0.006403790368515939	0.0014886258229701973	-0.01973770743686668	0.0026881415234206747	0.0054431380380979225	-0.005887532227177974	0.0149965428052558	-0.0013819789270254747	-0.003528417124798093	-0.0023039111676473037	-0.0013022026081617253	0.0	0.0	0.0	0.0	0.0	0.0	0.0	0.0	0.0	0.0	0.0	0.0	0.0	0.0	0.0	0.0	0.0	0.0	0.0	0.0	0.0	0.0	0.0
Y.M4	0.22682173430754612	0.09514430509592582	-0.0732260581352881	-0.11859383749183626	-0.007442602703114843	-0.059872589895020895	-0.09798543944237946	-0.1050651365982193	0.0017145626550574028	0.07424240332674249	-0.012721265548258205	0.011041075356648203	-0.027952410300857825	0.05648479277908768	0.011425642135901443	-0.021028966046525883	-0.00514483974164838	0.00900581889191894	0.012135616774386756	0.035949384752430175	0.0037072127337626714	-0.005842679643885998	-0.01010334279947474	0.005484080063468996	0.001947469358119264	0.0002884231258849764	0.004062944640441937	0.0	0.0	0.0	0.0	0.0	0.0	0.0	0.0	0.0	0.0	0.0	0.0	0.0	0.0	0.0	0.0	0.0	0.0	0.0	0.0	0.0	0.0	0.0
Y.M5	0.3858164658853394	0.05612712448619796	-0.06200183553854316	-0.2530969303339431	0.043519706728101626	-0.01800920784399642	0.08083712595404957	-0.027456200305363276	0.09053212993932684	0.0539304804110415	0.012375051731441331	0.012704201569171404	0.021061099077751975	0.005570145995031895	0.026387985582403652	0.00469051163541102	-0.0046004692733775665	-0.0019328209933497124	0.004524914577434714	-0.011451613006248196	-0.006693783256459181	0.004664560462233882	-0.007090231730179354	-0.00575288538172783	0.005400472251423169	0.005611874255356739	7.671740229316335e-05	0.0	0.0	0.0	0.0	0.0	0.0	0.0	0.0	0.0	0.0	0.0	0.0	0.0	0.0	0.0	0.0	0.0	0.0	0.0	0.0	0.0	0.0	0.0
Y.J1	0.2317893408099965	-0.010492320051391942	-0.02908798077018952	0.047508043185803234	0.14500408811107404	-0.1124255590811979	0.07139344796111921	0.08839182973444364	0.01684168665459834	0.015241749784225439	-0.023343150518280013	0.02033374419623576	-0.020969250770479907	-0.038529248300780396	-0.014736577612264675	0.001150084944410753	-0.030906539282774946	0.02475951394674579	-0.006625945081922191	0.004339695411771245	0.021513563091398135	-0.0036643913627805087	0.0020202619819733596	0.00480410132564486	0.010981544908934639	0.0055413448157588365	-0.00040738338199331343	0.0	0.0	0.0	0.0	0.0	0.0	0.0	0.0	0.0	0.0	0.0	0.0	0.0	0.0	0.0	0.0	0.0	0.0	0.0	0.0	0.0	0.0	0.0
Y.J2	0.2408869926396564	-0.01405897577425407	0.034868848203149366	-0.004403383904121	-0.0670781736735279	0.005411758747026451	0.0596373523922929	-0.04263196490754861	-0.0500231524287841	0.0671256793017381	-0.03249852741994316	0.009561145850874015	-0.08616738938321752	0.004893785756866723	0.01958088443304212	-0.011120226829809435	-0.021744484258710534	-0.01216730233523567	0.005410348524132013	0.005100295436334262	-0.00323306338235462	0.029215859033799085	-0.017397587562485918	-0.0016663643882017143	0.0007499956534106297	-0.009138021795098965	-0.002691167876988451	0.0	0.0	0.0	0.0	0.0	0.0	0.0	0.0	0.0	0.0	0.0	0.0	0.0	0.0	0.0	0.0	0.0	0.0	0.0	0.0	0.0	0.0	0.0
Y.J3	0.27067066890089314	-0.04850401262947553	0.1318687766414676	0.04056317285503141	-0.12503991846255622	0.11646209763760601	0.10669407757049439	-0.09759068678365011	0.04667953065798623	0.03593343508626065	0.006580239876724298	-0.02030405949579975	0.06348688353299667	-0.011002165455461095	-0.0043795823460592515	0.012354754773149729	0.0010240042284622832	0.0356855742446947	-0.006069585129979921	-0.017904427157431055	-0.017235261134834416	0.001606935390168841	-0.00229266299449738	0.0036948567854901424	-0.009228245140399818	0.0034613327451625863	-0.001730552056477707	0.0	0.0	0.0	0.0	0.0	0.0	0.0	0.0	0.0	0.0	0.0	0.0	0.0	0.0	0.0	0.0	0.0	0.0	0.0	0.0	0.0	0.0	0.0
Y.J4	0.27897792692099754	0.029012251807324987	0.0010547896953523226	0.14801464315126162	-0.02387663565630593	-0.05364101488217473	0.05484587946125065	-0.03972952718368562	0.02699894010793199	0.06719835012945433	0.020383773866071313	0.021504404135957212	-0.03344939629667739	-0.032474743303295646	-0.009096584029150265	-0.004112409207421039	0.015346082281965894	0.01191291778063822	-0.0262506719400739	-0.03771043573444649	-0.0013781890508915132	-0.017230072143879522	0.0006449087704660339	-0.0014883738729960586	-0.008533064084379425	0.005912766321372771	8.373352930517148e-05	0.0	0.0	0.0	0.0	0.0	0.0	0.0	0.0	0.0	0.0	0.0	0.0	0.0	0.0	0.0	0.0	0.0	0.0	0.0	0.0	0.0	0.0	0.0
Y.J5	0.31576268288974524	-0.10452659318439739	0.09622814588336796	0.004570525289713058	0.04664464514494736	0.0613640255525005	0.1286626587356836	0.002305844922480346	0.017706743800489186	-0.026857109346738867	0.02715665980740934	-0.01217453794011666	0.012804610273472346	0.039563913917176265	-0.026667505828433545	-0.010608740956772496	0.01903261654847178	-0.03936337003074391	0.02074725117638317	0.032406490102464054	0.008898571860667327	0.007726826211320215	-0.0030504606400331476	0.001959223376845287	0.0002907013449197117	-0.0048055232284972185	0.0006014088566832321	0.0	0.0	0.0	0.0	0.0	0.0	0.0	0.0	0.0	0.0	0.0	0.0	0.0	0.0	0.0	0.0	0.0	0.0	0.0	0.0	0.0	0.0	0.0
Y.U1	0.29833854776294044	-0.10377354522583371	0.08538964815313697	0.039378095328197894	-0.05458164004511439	0.1180528433350521	-0.031508353590648325	0.008624062273143163	-0.11417591032540564	-0.0600841175726295	0.006502898025249704	0.029246582192621925	-0.00746655512980617	-0.024690142794220212	-0.05153455411316736	-0.035703441611920544	0.00630694962600582	-0.02298246939207762	0.006943619868339079	-0.0212162013764674	0.0018151239507633646	-0.0031157953534425567	0.005027313647528296	0.0023788344986877415	-0.001710056427699264	0.003907951091143751	0.0030946673889520808	0.0	0.0	0.0	0.0	0.0	0.0	0.0	0.0	0.0	0.0	0.0	0.0	0.0	0.0	0.0	0.0	0.0	0.0	0.0	0.0	0.0	0.0	0.0
Y.U2	-0.05102067708182229	0.13254708923734265	-0.31877314594157813	0.04052292216190343	-0.07633368385606003	0.08424774483291786	0.030150794239750426	0.07662145622101894	0.00337255403202575	0.034622202861059076	0.03440881469056151	-0.07666591304129082	0.06721244663490086	-0.004191323685628679	0.044667371982977454	-0.012543405073739477	0.010376715864182812	-0.010155522141977001	0.013798031554868735	-0.004172299679311415	-0.01191827889014235	0.0024927071092554604	-0.010728856984223056	-0.010149491392361178	-0.004620790560391096	0.0005454721508296163	0.0006575987185721129	0.0	0.0	0.0	0.0	0.0	0.0	0.0	0.0	0.0	0.0	0.0	0.0	0.0	0.0	0.0	0.0	0.0	0.0	0.0	0.0	0.0	0.0	0.0
Y.U3	-0.11008294337065341	0.08046301790463867	-0.2526922318873681	0.06876031946610378	-0.03208542600858411	0.10250752973735587	0.07960623546214565	0.06267977729006799	-0.03581154954626519	0.06142653336456081	-0.011828233282397958	-0.0069953081545458965	-0.02670269817885827	-0.03144957624085681	0.01609969608663992	-0.0013940748941812173	-0.011995219440850347	0.0013378363040775383	0.0055875795162291944	0.021141629410574906	0.012088140338659754	-0.02764580646144782	0.0033466574415028	-0.010462447279965733	-0.004127913541885174	0.002740538646808839	-0.000644870434372602	0.0	0.0	0.0	0.0	0.0	0.0	0.0	0.0	0.0	0.0	0.0	0.0	0.0	0.0	0.0	0.0	0.0	0.0	0.0	0.0	0.0	0.0	0.0
Y.U4	0.36179283354219555	0.04155504021109449	-0.021959712137603376	0.16028254486454457	-0.06923941356945808	-0.013803599475635085	-0.09704556288984025	0.06271306518319948	-0.05806264986446327	-0.037619233135307746	-0.01889036699703304	0.04956052994330767	0.04947649988301384	-0.03773988964862247	0.03826809605239876	-0.04453340901491585	0.002971537415670329	0.010681978180938674	0.02790141227879194	0.0031544848419885296	0.008288795332016883	9.665941996634967e-06	-0.006753283856224763	-0.006026175378060238	0.0032584333338527855	-2.9199112139471997e-05	-0.0012179048996195318	0.0	0.0	0.0	0.0	0.0	0.0	0.0	0.0	0.0	0.0	0.0	0.0	0.0	0.0	0.0	0.0	0.0	0.0	0.0	0.0	0.0	0.0	0.0
Y.U5	0.12851943103111013	-0.13914797873524598	0.09663648355410005	-0.04608023237541929	0.08522448030252694	0.07361798201155319	-0.028766917616077105	-0.0018033025256654915	-0.08435306674758747	0.03630536186089416	-0.019399250025742595	-0.01811425572004147	0.012872055415104769	0.020648971856958385	0.0468444733259228	0.02031623249506385	-0.030671601032628844	0.03541351198260855	-0.035671982476608	-0.013450767603693193	-0.009212978638176538	-0.020624434832197766	0.017717311052395355	0.00964669102828937	0.015206024950079345	-0.003308338970418772	0.001039534961837224	0.0	0.0	0.0	0.0	0.0	0.0	0.0	0.0	0.0	0.0	0.0	0.0	0.0	0.0	0.0	0.0	0.0	0.0	0.0	0.0	0.0	0.0	0.0
Z.K1	-0.0883939905344724	0.4045870271885647	0.007644234264097431	-0.042698466271434574	0.04624962440951055	-0.07931322408142619	-0.08728700826431825	0.033949918615850706	-0.046970341414971674	0.08915319940372439	0.07595646277212716	0.04477647807906302	0.0397222655347132	0.01564166821952772	-0.02839473804928983	0.01510038092203646	0.009880010812549024	-0.019442251089799086	-0.005211502819080979	0.0029060784018760263	0.002666811536532609	0.011295603781106485	-0.007336310349159371	-0.00041900598335008806	0.004629793894895545	0.0019890602899650684	0.0006757427248692991	0.0	0.0	0.0	0.0	0.0	0.0	0.0	0.0	0.0	0.0	0.0	0.0	0.0	0.0	0.0	0.0	0.0	0.0	0.0	0.0	0.0	0.0	0.0
Z.K2	-0.14987250538290517	0.32424431033240964	0.16951442611214693	0.025901835313957722	-0.045535045665676246	0.01846865152893966	0.0945574386238722	0.02852789671853564	-0.05702537236253874	-0.006741286456951555	-0.000570281371425421	0.0025672521880811612	-0.02793327551537694	0.027666022668160747	-0.026380305304514105	-0.0036055180762884958	0.033491130793004115	0.021289382832595793	0.00530288656802702	0.0009546111780779759	0.0057645467752969635	-0.002555767410096021	-0.008712558834119343	-0.02198103024517591	0.006920677652542387	-0.004141631601164062	0.0029789500755363456	0.0	0.0	0.0	0.0	0.0	0.0	0.0	0.0	0.0	0.0	0.0	0.0	0.0	0.0	0.0	0.0	0.0	0.0	0.0	0.0	0.0	0.0	0.0
Z.K3	-0.3069942442030741	0.2160599230190948	0.2153706480317341	0.04104123905872492	0.061327339217153005	0.0929835026764346	-0.04254943193074672	0.04293378831581751	-0.07637732529645101	0.0662455208709636	0.005889189811933157	0.005651044569492873	0.047074594400978095	0.013925677476768051	-0.027475525181978742	0.04318075145375505	-0.033788616317501685	-0.01698333665160656	0.00033628571443180736	-0.011604529388562781	-0.0032269530291916576	0.0012174761659309286	-0.01047069690303057	0.0012347410082695354	-0.001556402247528294	-0.0022300384441227335	-0.0018146568116201845	0.0	0.0	0.0	0.0	0.0	0.0	0.0	0.0	0.0	0.0	0.0	0.0	0.0	0.0	0.0	0.0	0.0	0.0	0.0	0.0	0.0	0.0	0.0
Z.K4	-0.10974215014905558	0.2603897264222271	0.10309201806563019	0.0660836675904036	0.03315926712742203	-0.04066475726527707	0.036266722956109484	-0.012461348010197635	-0.0954289105574469	0.023728573797602303	0.046289378837705654	0.028148635339976528	-0.030294590193660483	-0.0011256375069282874	0.029331118270722597	0.008366877972266987	0.011598433133625474	-0.005286013210790583	0.016682862798895366	0.023942058757429302	-0.015655002620717454	0.017032061678189714	0.02971635939716099	0.017307584623187044	-0.008446914676596029	0.004279652916536462	-0.004330497183401176	0.0	0.0	0.0	0.0	0.0	0.0	0.0	0.0	0.0	0.0	0.0	0.0	0.0	0.0	0.0	0.0	0.0	0.0	0.0	0.0	0.0	0.0	0.0
Z.K5	-0.2600507869228544	0.17503282153036032	0.28503328016201035	-0.01279325821958909	-0.03421098328886644	0.02364567035263516	-0.015279965042060436	0.042359271056534344	0.01439666085642776	0.024655297897392188	0.0512204725429157	-0.0034941307455516966	-0.024252679884436364	-0.00822829263004357	0.03244271265737362	0.00024389916883731626	0.05265855330459056	0.03296706284559099	0.0018270021583930347	-0.018365435684119465	0.0026741369047571556	0.005938764012648269	0.003625991292060793	0.008294407008417043	-0.004074909682642283	-0.0019046281271003973	0.0027050455269607447	0.0	0.0	0.0	0.0	0.0	0.0	0.0	0.0	0.0	0.0	0.0	0.0	0.0	0.0	0.0	0.0	0.0	0.0	0.0	0.0	0.0	0.0	0.0
Z.M1	-0.035452356883801495	-0.12802890356531363	0.016127147258194727	-0.06788265428861591	0.06677489854961839	0.08817001320420957	-0.043779118916588276	-0.04000493525525311	-0.03680152638332254	-0.01675035859836036	-0.04823519835123662	-0.007402732553894937	0.017273441063911675	0.05359569906308552	0.029686423423511354	0.01699251652830517	-0.01881600301476661	0.004093905980269387	-0.03216684282346321	-0.004271904848688267	0.017073963538683495	0.026355265910727194	0.015786741785335085	-0.028186694638451845	-0.018389247350334682	-0.0011718075903448624	0.001123471856482083	0.0	0.0	0.0	0.0	0.0	0.0	0.0	0.0	0.0	0.0	0.0	0.0	0.0	0.0	0.0	0.0	0.0	0.0	0.0	0.0	0.0	0.0	0.0
Z.M2	0.23572963164219404	-0.23577850541589057	0.2320301083528227	-0.019750764624560272	-0.1765676660833082	0.09979758537297538	-0.07378726360330418	0.016338058889078026	0.032067864770237986	-0.020006045999444968	0.050209996519496175	-0.01987627624029027	-0.01616815277129827	-0.038185476134137336	0.017848442251779565	0.03421607995771053	-0.0057736388229736564	0.0007044395758131581	0.0188572417595203	0.02399657962088617	0.0029606928625996007	0.0045465580753375045	-0.008607906913334433	-0.004257807216864374	0.004369532966684412	-0.0005272293845559516	-0.0007578865107618673	0.0	0.0	0.0	0.0	0.0	0.0	0.0	0.0	0.0	0.0	0.0	0.0	0.0	0.0	0.0	0.0	0.0	0.0	0.0	0.0	0.0	0.0	0.0
Z.M3	-0.018224526720664182	0.029302140547383258	-0.1940048575844423	0.16480354532177535	0.029954269186512273	-0.04622300621079132	0.036510909481099925	-0.018394155119832303	0.016025697470556096	-0.025128808192439116	0.025663367136774588	0.051067874866605564	-0.04912463358454912	0.026928840135796252	0.03612337228195466	-0.014629965131316786	-0.025419459878209216	-0.02885404089594135	-0.023796220878257928	-0.0036094091930655003	0.008202137811417027	-0.004393869065731755	0.003023212798379261	-0.004177770092198905	-0.01366816795749438	0.00338615576268402	-2.338154997482993e-05	0.0	0.0	0.0	0.0	0.0	0.0	0.0	0.0	0.0	0.0	0.0	0.0	0.0	0.0	0.0	0.0	0.0	0.0	0.0	0.0	0.0	0.0	0.0
Z.M4	-0.003959587056097814	0.09977504985629253	-0.10298655117850147	-0.06867744522808875	0.17030944197883197	-0.05301173379189465	-0.03136250565388783	-0.003159224352674497	-0.041747459673553804	-0.043126684644574954	-0.014946688073572764	-0.030251398562591052	-0.014289644535787968	-0.022181520255806803	0.04324493424976774	0.0003719939143784199	0.01817090427445366	0.03225269440782523	0.02725320109823258	0.004491693120009826	-0.02813180777001636	-0.010955614808692532	-0.0010458854845438095	-0.007830022450163739	-0.01405987006144147	-0.0032347579438704323	0.0007621202823635276	0.0	0.0	0.0	0.0	0.0	0.0	0.0	0.0	0.0	0.0	0.0	0.0	0.0	0.0	0.0	0.0	0.0	0.0	0.0	0.0	0.0	0.0	0.0
Z.M5	0.3885770719762115	0.007215136720860624	-0.09681990210325184	0.052827548350838145	0.04657481608464699	-0.07047350116334644	-0.06103649518935317	0.055255225822404684	0.03441455906021154	-0.027148308564350906	0.02876752413597219	-0.058197493089968966	0.016646480202384076	0.052715080083367206	-0.05357245360931482	0.01986272342534904	0.014405411489228605	0.013888401380479904	-0.01585284592604389	-0.01503318023657253	-0.0015347416912103314	0.003980751443270884	-0.0037973581223875283	0.0015105313621263348	-0.008619663330431543	-0.003123647537891872	-0.0022682536553465613	0.0	0.0	0.0	0.0	0.0	0.0	0.0	0.0	0.0	0.0	0.0	0.0	0.0	0.0	0.0	0.0	0.0	0.0	0.0	0.0	0.0	0.0	0.0
Z.J1	-0.07309498986706671	-0.03322578081344561	-0.06518605141259708	0.20470787855443662	0.08626442394019726	0.014745159902926182	-0.008747010517672993	-0.06858379468374849	0.043346907208917415	-0.032847102567437794	-0.007782867178870668	0.015087088801120953	0.024656491199972548	-0.008681727211151638	-0.037035364489551775	0.006927173702905856	-0.011224443007605313	0.01869027234852454	0.011668616500533887	-0.011308861571629565	0.005613784272977192	0.026168384721535036	0.013226289867700502	-0.011258853445581633	0.0013786111527296482	0.001560407381379904	0.0005768445140164749	0.0	0.0	0.0	0.0	0.0	0.0	0.0	0.0	0.0	0.0	0.0	0.0	0.0	0.0	0.0	0.0	0.0	0.0	0.0	0.0	0.0	0.0	0.0
Z.J2	-0.04876469082596894	-0.14852968168404038	0.08099426438775004	0.22419447768182782	0.07967982386699288	-0.060406795025300615	-0.11603811769230357	-0.002322964410262817	0.1221443227155878	0.03231931452071352	-0.005328876309155958	0.017732298198491685	-0.013026500223228377	-0.013690719302935833	-0.00014412611186776707	0.027650794338653813	0.0076203244640351935	0.026879097545289023	0.021282851269326764	0.015231294265985004	0.0019648740837790763	3.896992405124679e-06	-0.002154528496585879	-0.0026810248919010115	0.0015828117879569603	0.0006942098720800285	0.0002275971120527717	0.0	0.0	0.0	0.0	0.0	0.0	0.0	0.0	0.0	0.0	0.0	0.0	0.0	0.0	0.0	0.0	0.0	0.0	0.0	0.0	0.0	0.0	0.0
Z.J3	-0.10946099119150217	-0.06086385353678427	-0.0026956847720509846	0.005673666447298761	0.08564766104371922	0.06065407570966528	-0.030572417946817188	-0.06458792162492807	-0.027563481855033132	-0.0032248010068492705	-0.002734465097558756	-0.04488769818770489	-0.023231288979870302	-0.018844421211103926	-0.01734352920104292	-0.03501702754277046	-0.032512005062309085	0.008933552208292193	0.02148111840244852	-0.004490069897834354	-0.014696499672814268	0.019396079948815315	-0.00547756006342466	-0.008570406318153654	0.008134479496179218	0.008727490320539493	-0.0002916377065053881	0.0	0.0	0.0	0.0	0.0	0.0	0.0	0.0	0.0	0.0	0.0	0.0	0.0	0.0	0.0	0.0	0.0	0.0	0.0	0.0	0.0	0.0	0.0
Z.J4	-0.06838145889597813	-0.08671746524457775	0.027265125507272583	-0.02999814721504338	0.17026988567311815	0.043569556740013456	0.011072754345329483	-0.001803007687382048	-0.0004831804077129673	-0.012266016947261309	-0.02135699101913954	-0.013629829005092993	0.027094086773073244	0.006535674318360774	0.0033390045491219593	-0.0389211181602671	-0.013498232259436466	0.0031575737413665514	0.02460271923925719	0.0019679585410256628	-0.025030418139644756	-0.013153476010092886	3.80225229668111e-05	-0.00501116439370027	0.01461315069959173	-0.0025015892335935657	-0.0016343335247819728	0.0	0.0	0.0	0.0	0.0	0.0	0.0	0.0	0.0	0.0	0.0	0.0	0.0	0.0	0.0	0.0	0.0	0.0	0.0	0.0	0.0	0.0	0.0
Z.J5	-0.07833661907336181	-0.11842059562571719	0.123268029420063	-0.11365922682290425	0.17555497600733866	0.0813430550005888	0.03343187611551997	-0.0031538957376584394	0.085815249956913	-0.012471300649015605	-0.004110045378649808	0.06349531491101863	-0.021962542397216497	-0.0700389600200046	-0.004477947701161728	0.03761846483590051	0.029228193497976767	-0.021827806836897362	-0.008250878775716468	0.0010698932793862478	-0.015451532757309107	0.010800311088965084	-0.003518100593645621	-0.008740963932827557	-0.00011416900937951046	-0.0014352652732346355	0.002050881902020593	0.0	0.0	0.0	0.0	0.0	0.0	0.0	0.0	0.0	0.0	0.0	0.0	0.0	0.0	0.0	0.0	0.0	0.0	0.0	0.0	0.0	0.0	0.0
Z.U1	-0.03284210918868984	-0.08550719899408503	0.031662637028537395	0.044407223194043194	0.07769542720945613	0.0708791095829114	-0.055854773024335405	-0.08564969630941328	-0.006114592149470046	0.006263317105945067	-0.04067248779331551	-0.011000541672609852	-0.006095543916342123	-0.008749369249927237	-0.021070172902001028	0.014648487614547864	0.025174415926130483	-0.036837877211142754	-0.0178032569489116	0.009625057971718875	-0.022673598132395122	-0.03100994337660204	-0.019252970657003373	0.019530540503386953	-0.010678460398927345	-0.007816397924715435	-0.0014711471085627015	0.0	0.0	0.0	0.0	0.0	0.0	0.0	0.0	0.0	0.0	0.0	0.0	0.0	0.0	0.0	0.0	0.0	0.0	0.0	0.0	0.0	0.0	0.0
Z.U2	-0.14422974751664283	-0.01910605892565944	-0.13420262310920014	0.12741677841855584	0.006839781340859112	0.10795077560258527	0.028488044779529365	-0.02298047180689016	0.022548405935722098	0.009033791228927742	-0.005964576294621751	0.025295468584083956	0.013030178507289993	0.017870758269142868	-0.008109589786316438	-0.06238453752117646	0.02821070430153783	-0.00025765505698951676	-0.019392594129069397	0.0008013545016575059	-0.016086840293512584	0.005507922718191744	0.015254463161769743	0.02246609272426229	0.01044325908389115	-0.004538742285102436	0.0026577490494878652	0.0	0.0	0.0	0.0	0.0	0.0	0.0	0.0	0.0	0.0	0.0	0.0	0.0	0.0	0.0	0.0	0.0	0.0	0.0	0.0	0.0	0.0	0.0
Z.U3	-0.07539571459537742	-0.12741473588113436	0.07312665466981415	-0.09558985637451682	0.12326818785711058	0.057423748410733944	-0.008761296791417864	0.015551965126625215	0.012402867784300452	-0.02424475975246178	-0.045202813877987504	-0.020342939319468685	0.00954305243517883	0.020629588819758914	0.017375991226400305	-0.023601491069855027	0.05145083241216984	-0.0012303051401760707	0.02208351794420894	0.0008100300257823015	0.05228433945772158	-0.004276350851806354	-0.0016601734518059503	0.01376994140655256	-0.012227515659229218	0.007450826496713664	-0.0027716289781070367	0.0	0.0	0.0	0.0	0.0	0.0	0.0	0.0	0.0	0.0	0.0	0.0	0.0	0.0	0.0	0.0	0.0	0.0	0.0	0.0	0.0	0.0	0.0
Z.U4	-0.10351578744667184	0.12195947607022961	-0.29354585737142946	-0.03813386164870879	-0.014724847246457133	0.05292459638471498	-0.04046683080223162	0.010069869680052005	0.023903950216761623	0.018481931166996618	-0.040826458482003225	0.004476772491243321	-0.01797916831285277	0.005266875953442058	-0.02445606719639028	-0.008289064357413585	0.045026120415564766	0.009180602946896186	-0.03058745841421353	-0.008047802549555972	0.01593405743280228	0.010323013838700807	-0.009483717807237725	-0.005960318873486099	0.019782944612225104	-0.005395310169275839	-0.004892415987881079	0.0	0.0	0.0	0.0	0.0	0.0	0.0	0.0	0.0	0.0	0.0	0.0	0.0	0.0	0.0	0.0	0.0	0.0	0.0	0.0	0.0	0.0	0.0
Z.U5	-0.11537724981922391	0.14943003987579181	-0.3806488545965888	-0.06453518485246598	-0.03493850903596998	0.09421223708473377	-0.037251772178306934	0.03290700708792818	0.06926669060403352	0.03816702334969388	-0.009169244574735424	0.02857125529219613	0.004959576848576203	-0.005786075279728559	-0.04741463852037911	0.007387147286461994	-0.03923087595925283	-0.008747132889104529	0.02388027983519172	0.006569222673159581	0.005655267644513402	-0.005892460506884556	0.00631651356412259	0.005674492494380111	-0.012742720758610201	0.0006814592200151593	0.002407195775355541	0.0	0.0	0.0	0.0	0.0	0.0	0.0	0.0	0.0	0.0	0.0	0.0	0.0	0.0	0.0	0.0	0.0	0.0	0.0	0.0	0.0	0.0	0.0


eigvals	2.081532856383978	1.9471855573863803	1.0989798078508213	0.4543838506258213	0.34314905079032376	0.28950540904565203	0.15851866750672752	0.14977961517572733	0.13304205277866796	0.08928024314364955	0.07002844083255544	0.06408743591793159	0.050344076504939356	0.04877475567108594	0.037662459626271655	0.03378590315966812	0.026347991787858405	0.022274286609445693	0.018633640866091816	0.014975402493847156	0.012916766812410052	0.008385038255733002	0.00698001371039686	0.006024292908539813	0.003280086125141607	0.002056304799332165	0.00015972120896025428	0.0	0.0	0.0	0.0	0.0	0.0	0.0	0.0	0.0	0.0	0.0	0.0	0.0	0.0	0.0	0.0	0.0	0.0	0.0	0.0	0.0	0.0	0.0
% variation explained	29.0227476087426	27.1495474145851	15.3230411389072	6.33545983853023	4.78451649836942	4.03656487685429	2.21022083039042	2.08837249666639	1.85500118689071	1.24483164186351	0.976404363488031	0.893569117505432	0.701945886425417	0.680064895050056	0.525126498342481	0.471075792596369	0.36736922663073	0.310569682552964	0.259808272653455	0.208801569278753	0.180098076265199	0.116912326528704	0.0973221131730439	0.0839965278806226	0.0457341384033202	0.0286709935971601	0.00222698782832068	0	0	0	0	0	0	0	0	0	0	0	0	0	0	0	0	0	0	0	0	0	0	0
